0,1,2,3,4,5,6,7,8,9,10,11,12,13,14,15,16,17,18,19,20,21,22,23,24,25,26,27,28,29,30,31,32,33,34,35,36,37,38,39,40,41,42,43,44,45,46,47,48,49,50,51,52,53,54,55,56,57,58,59,60,61,62
0.0,0.0,0.0,0.0,0.0,0.0,0.0,0.0,0.0,0.0,0.0,0.0,0.0,0.0,0.0,0.0,0.0,0.0,0.0,0.0,0.0,0.0,0.0,0.0,0.0,0.0,0.0,0.0,0.0,0.0,0.0,0.0,0.0,0.0,0.0,0.0,0.0,0.0,0.0,0.0,0.0,0.0,0.0,0.0,0.0,0.0,0.0,0.0,0.0,0.0,0.0,0.0,0.0,0.0,0.0,0.0,0.0,0.0,0.0,0.0,0.0,0.0,0.0
0.0,0.0,0.0,0.0,0.0,0.0,0.0,0.0,0.0,0.0,0.0,0.0,0.0,0.0,0.0,0.0,0.0,0.0,0.0,0.0,0.0,0.0,0.0,0.0,0.0,0.0,0.0,0.0,0.0,0.0,0.0,0.0,0.0,0.0,0.0,0.0,0.0,0.0,0.0,0.0,0.0,0.0,0.0,0.0,0.0,0.0,0.0,0.0,0.0,0.0,0.0,0.0,0.0,0.0,0.0,0.0,0.0,0.0,0.0,0.0,0.0,0.0,0.0
0.0,0.0,0.0,0.0,0.0,0.0,0.0,0.0,0.0,0.0,0.0,0.0,0.0,0.0,0.0,0.0,0.0,0.0,0.0,0.0,0.0,0.0,0.0,0.0,0.0,0.0,0.0,0.0,0.0,0.0,0.0,0.0,0.0,0.0,0.0,0.0,0.0,0.0,0.0,0.0,0.0,0.0,0.0,0.0,0.0,0.0,0.0,0.0,0.0,0.0,0.0,0.0,0.0,0.0,0.0,0.0,0.0,0.0,0.0,0.0,0.0,0.0,0.0
0.0,0.0,0.0,0.0,0.0,0.0,0.0,0.0,0.0,0.0,0.0,0.0,0.0,0.0,0.0,0.0,0.0,0.0,0.0,0.0,0.0,0.0,0.0,0.0,0.0,0.0,0.0,0.0,0.0,0.0,0.0,0.0,0.0,0.0,0.0,0.0,0.0,0.0,0.0,0.0,0.0,0.0,0.0,0.0,0.0,0.0,0.0,0.0,0.0,0.0,0.0,0.0,0.0,0.0,0.0,0.0,0.0,0.0,0.0,0.0,0.0,0.0,0.0
0.0,0.0,0.0,0.0,0.0,0.0,0.0,0.0,0.0,0.0,0.0,0.0,0.0,0.0,0.0,0.0,0.0,0.0,0.0,0.0,0.0,0.0,0.0,0.0,0.0,0.0,0.0,0.0,0.0,0.0,0.0,0.0,0.0,0.0,0.0,0.0,0.0,0.0,0.0,0.0,0.0,0.0,0.0,0.0,0.0,0.0,0.0,0.0,0.0,0.0,0.0,0.0,0.0,0.0,0.0,0.0,0.0,0.0,0.0,0.0,0.0,0.0,0.0
0.0,0.0,0.0,0.0,0.0,0.0,0.0,0.0,0.0,0.0,0.0,0.0,0.0,0.0,0.0,0.0,0.0,0.0,0.0,0.0,0.0,0.0,0.0,0.0,0.0,0.0,0.0,0.0,0.0,0.0,0.0,0.0,0.0,0.0,0.0,0.0,0.0,0.0,0.0,0.0,0.0,0.0,0.0,0.0,0.0,0.0,0.0,0.0,0.0,0.0,0.0,0.0,0.0,0.0,0.0,0.0,0.0,0.0,0.0,0.0,0.0,0.0,0.0
0.0,0.0,0.0,0.0,0.0,0.0,0.0,0.0,0.0,0.0,0.0,0.0,0.0,0.0,0.0,0.0,0.0,0.0,0.0,0.0,0.0,0.0,0.0,0.0,0.0,0.0,0.0,0.0,0.0,0.0,0.0,0.0,0.0,0.0,0.0,0.0,0.0,0.0,0.0,0.0,0.0,0.0,0.0,0.0,0.0,0.0,0.0,0.0,0.0,0.0,0.0,0.0,0.0,0.0,0.0,0.0,0.0,0.0,0.0,0.0,0.0,0.0,0.0
0.0,0.0,0.0,0.0,0.0,0.0,0.0,0.0,0.0,0.0,0.0,0.0,0.0,0.0,0.0,0.0,0.0,0.0,0.0,0.0,0.0,0.0,0.0,0.0,0.0,0.0,0.0,0.0,0.0,0.0,0.0,0.0,0.0,0.0,0.0,0.0,0.0,0.0,0.0,0.0,0.0,0.0,0.0,0.0,0.0,0.0,0.0,0.0,0.0,0.0,0.0,0.0,0.0,0.0,0.0,0.0,0.0,0.0,0.0,0.0,0.0,0.0,0.0
0.0,0.0,0.0,0.0,0.0,0.0,0.0,0.0,0.0,0.0,0.0,0.0,0.0,0.0,0.0,0.0,0.0,0.0,0.0,0.0,0.0,0.0,0.0,0.0,0.0,0.0,0.0,0.0,0.0,0.0,0.0,0.0,0.0,0.0,0.0,0.0,0.0,0.0,0.0,0.0,0.0,0.0,0.0,0.0,0.0,0.0,0.0,0.0,0.0,0.0,0.0,0.0,0.0,0.0,0.0,0.0,0.0,0.0,0.0,0.0,0.0,0.0,0.0
0.0,0.0,0.0,0.0,0.0,0.0,0.0,0.0,0.0,0.0,0.0,0.0,0.0,0.0,0.0,0.0,0.0,0.0,0.0,0.0,0.0,0.0,0.0,0.0,0.0,0.0,0.0,0.0,0.0,0.0,0.0,0.0,0.0,0.0,0.0,0.0,0.0,0.0,0.0,0.0,0.0,0.0,0.0,0.0,0.0,0.0,0.0,0.0,0.0,0.0,0.0,0.0,0.0,0.0,0.0,0.0,0.0,0.0,0.0,0.0,0.0,0.0,0.0
0.0,0.0,0.0,0.0,0.0,0.0,0.0,0.0,0.0,0.0,0.0,0.0,0.0,0.0,0.0,0.0,0.0,0.0,0.0,0.0,0.0,0.0,0.0,0.0,0.0,0.0,0.0,0.0,0.0,0.0,0.0,0.0,0.0,0.0,0.0,0.0,0.0,0.0,0.0,0.0,0.0,0.0,0.0,0.0,0.0,0.0,0.0,0.0,0.0,0.0,0.0,0.0,0.0,0.0,0.0,0.0,0.0,0.0,0.0,0.0,0.0,0.0,0.0
0.0,0.0,0.0,0.0,0.0,0.0,0.0,0.0,0.0,0.0,0.0,0.0,0.0,0.0,0.0,0.0,0.0,0.0,0.0,0.0,0.0,0.0,0.0,0.0,0.0,0.0,0.0,0.0,0.0,0.0,0.0,0.0,0.0,0.0,0.0,0.0,0.0,0.0,0.0,0.0,0.0,0.0,0.0,0.0,0.0,0.0,0.0,0.0,0.0,0.0,0.0,0.0,0.0,0.0,0.0,0.0,0.0,0.0,0.0,0.0,0.0,0.0,0.0
0.0,0.0,0.0,0.0,0.0,0.0,0.0,0.0,0.0,0.0,0.0,0.0,0.0,0.0,0.0,0.0,0.0,0.0,0.0,0.0,0.0,0.0,0.0,0.0,0.0,0.0,0.0,0.0,0.0,0.0,0.0,0.0,0.0,0.0,0.0,0.0,0.0,0.0,0.0,0.0,0.0,0.0,0.0,0.0,0.0,0.0,0.0,0.0,0.0,0.0,0.0,0.0,0.0,0.0,0.0,0.0,0.0,0.0,0.0,0.0,0.0,0.0,0.0
0.0,0.0,0.0,0.0,0.0,0.0,0.0,0.0,0.0,0.0,0.0,0.0,0.0,0.0,0.0,0.0,0.0,0.0,0.0,0.0,0.0,0.0,0.0,0.0,0.0,0.0,0.0,0.0,0.0,0.0,0.0,0.0,0.0,0.0,0.0,0.0,0.0,0.0,0.0,0.0,0.0,0.0,0.0,0.0,0.0,0.0,0.0,0.0,0.0,0.0,0.0,0.0,0.0,0.0,0.0,0.0,0.0,0.0,0.0,0.0,0.0,0.0,0.0
0.0,0.0,0.0,0.0,0.0,0.0,0.0,0.0,0.0,0.0,0.0,0.0,0.0,0.0,0.0,0.0,0.0,0.0,0.0,0.0,0.0,0.0,0.0,0.0,0.0,0.0,0.0,0.0,0.0,0.0,0.0,0.0,0.0,0.0,0.0,0.0,0.0,0.0,0.0,0.0,0.0,0.0,0.0,0.0,0.0,0.0,0.0,0.0,0.0,0.0,0.0,0.0,0.0,0.0,0.0,0.0,0.0,0.0,0.0,0.0,0.0,0.0,0.0
0.0,0.0,0.0,0.0,0.0,0.0,0.0,0.0,0.0,0.0,0.0,0.0,0.0,0.0,0.0,0.0,0.0,0.0,0.0,0.0,0.0,0.0,0.0,0.0,0.0,0.0,0.0,0.0,0.0,0.0,0.0,0.0,0.0,0.0,0.0,0.0,0.0,0.0,0.0,0.0,0.0,0.0,0.0,0.0,0.0,0.0,0.0,0.0,0.0,0.0,0.0,0.0,0.0,0.0,0.0,0.0,0.0,0.0,0.0,0.0,0.0,0.0,0.0
0.0,0.0,0.0,0.0,0.0,0.0,0.0,0.0,0.0,0.0,0.0,0.0,0.0,0.0,0.0,0.0,0.0,0.0,0.0,0.0,0.0,0.0,0.0,0.0,0.0,0.0,0.0,0.0,0.0,0.0,0.0,0.0,0.0,0.0,0.0,0.0,0.0,0.0,0.0,0.0,0.0,0.0,0.0,0.0,0.0,0.0,0.0,0.0,0.0,0.0,0.0,0.0,0.0,0.0,0.0,0.0,0.0,0.0,0.0,0.0,0.0,0.0,0.0
0.0,0.0,0.0,0.0,0.0,0.0,0.0,0.0,0.0,0.0,0.0,0.0,0.0,0.0,0.0,0.0,0.0,0.0,0.0,0.0,0.0,0.0,0.0,0.0,0.0,0.0,0.0,0.0,0.0,0.0,0.0,0.0,0.0,0.0,0.0,0.0,0.0,0.0,0.0,0.0,0.0,0.0,0.0,0.0,0.0,0.0,0.0,0.0,0.0,0.0,0.0,0.0,0.0,0.0,0.0,0.0,0.0,0.0,0.0,0.0,0.0,0.0,0.0
0.0,0.0,0.0,0.0,0.0,0.0,0.0,0.0,0.0,0.0,0.0,0.0,0.0,0.0,0.0,0.0,0.0,0.0,0.0,0.0,0.0,0.0,0.0,0.0,0.0,0.0,0.0,0.0,0.0,0.0,0.0,0.0,0.0,0.0,0.0,0.0,0.0,0.0,0.0,0.0,0.0,0.0,0.0,0.0,0.0,0.0,0.0,0.0,0.0,0.0,0.0,0.0,0.0,0.0,0.0,0.0,0.0,0.0,0.0,0.0,0.0,0.0,0.0
0.0,0.0,0.0,0.0,0.0,0.0,0.0,0.0,0.0,0.0,0.0,0.0,0.0,0.0,0.0,0.0,0.0,0.0,0.0,0.0,0.0,0.0,0.0,0.0,0.0,0.0,0.0,0.0,0.0,0.0,0.0,0.0,0.0,0.0,0.0,0.0,0.0,0.0,0.0,0.0,0.0,0.0,0.0,0.0,0.0,0.0,0.0,0.0,0.0,0.0,0.0,0.0,0.0,0.0,0.0,0.0,0.0,0.0,0.0,0.0,0.0,0.0,0.0
0.0,0.0,0.0,0.0,0.0,0.0,0.0,0.0,0.0,0.0,0.0,0.0,0.0,0.0,0.0,0.0,0.0,0.0,0.0,0.0,0.0,0.0,0.0,0.0,0.0,0.0,0.0,0.0,0.0,0.0,0.0,0.0,0.0,0.0,0.0,0.0,0.0,0.0,0.0,0.0,0.0,0.0,0.0,0.0,0.0,0.0,0.0,0.0,0.0,0.0,0.0,0.0,0.0,0.0,0.0,0.0,0.0,0.0,0.0,0.0,0.0,0.0,0.0
0.0,0.0,0.0,0.0,0.0,0.0,0.0,0.0,0.0,0.0,0.0,0.0,0.0,0.0,0.0,0.0,0.0,0.0,0.0,0.0,0.0,0.0,0.0,0.0,0.0,0.0,0.0,0.0,0.0,0.0,0.0,0.0,0.0,0.0,0.0,0.0,0.0,0.0,0.0,0.0,0.0,0.0,0.0,0.0,0.0,0.0,0.0,0.0,0.0,0.0,0.0,0.0,0.0,0.0,0.0,0.0,0.0,0.0,0.0,0.0,0.0,0.0,0.0
0.0,0.0,0.0,0.0,0.0,0.0,0.0,0.0,0.0,0.0,0.0,0.0,0.0,0.0,0.0,0.0,0.0,0.0,0.0,0.0,0.0,0.0,0.0,0.0,0.0,0.0,0.0,0.0,0.0,0.0,0.0,0.0,0.0,0.0,0.0,0.0,0.0,0.0,0.0,0.0,0.0,0.0,0.0,0.0,0.0,0.0,0.0,0.0,0.0,0.0,0.0,0.0,0.0,0.0,0.0,0.0,0.0,0.0,0.0,0.0,0.0,0.0,0.0
0.0,0.0,0.0,0.0,0.0,0.0,0.0,0.0,0.0,0.0,0.0,0.0,0.0,0.0,0.0,0.0,0.0,0.0,0.0,0.0,0.0,0.0,0.0,0.0,0.0,0.0,0.0,0.0,0.0,0.0,0.0,0.0,0.0,0.0,0.0,0.0,0.0,0.0,0.0,0.0,0.0,0.0,0.0,0.0,0.0,0.0,0.0,0.0,0.0,0.0,0.0,0.0,0.0,0.0,0.0,0.0,0.0,0.0,0.0,0.0,0.0,0.0,0.0
0.0,0.0,0.0,0.0,0.0,0.0,0.0,0.0,0.0,0.0,0.0,0.0,0.0,0.0,0.0,0.0,0.0,0.0,0.0,0.0,0.0,0.0,0.0,0.0,0.0,0.0,0.0,0.0,0.0,0.0,0.0,0.0,0.0,0.0,0.0,0.0,0.0,0.0,0.0,0.0,0.0,0.0,0.0,0.0,0.0,0.0,0.0,0.0,0.0,0.0,0.0,0.0,0.0,0.0,0.0,0.0,0.0,0.0,0.0,0.0,0.0,0.0,0.0
0.0,0.0,0.0,0.0,0.0,0.0,0.0,0.0,0.0,0.0,0.0,0.0,0.0,0.0,0.0,0.0,0.0,0.0,0.0,0.0,0.0,0.0,0.0,0.0,0.0,0.0,0.0,0.0,0.0,0.0,0.0,0.0,0.0,0.0,0.0,0.0,0.0,0.0,0.0,0.0,0.0,0.0,0.0,0.0,0.0,0.0,0.0,0.0,0.0,0.0,0.0,0.0,0.0,0.0,0.0,0.0,0.0,0.0,0.0,0.0,0.0,0.0,0.0
0.0,0.0,0.0,0.0,0.0,0.0,0.0,0.0,0.0,0.0,0.0,0.0,0.0,0.0,0.0,0.0,0.0,0.0,0.0,0.0,0.0,0.0,0.0,0.0,0.0,0.0,0.0,0.0,0.0,0.0,0.0,0.0,0.0,0.0,0.0,0.0,0.0,0.0,0.0,0.0,0.0,0.0,0.0,0.0,0.0,0.0,0.0,0.0,0.0,0.0,0.0,0.0,0.0,0.0,0.0,0.0,0.0,0.0,0.0,0.0,0.0,0.0,0.0
0.0,0.0,0.0,0.0,0.0,0.0,0.0,0.0,0.0,0.0,0.0,0.0,0.0,0.0,0.0,0.0,0.0,0.0,0.0,0.0,0.0,0.0,0.0,0.0,0.0,0.0,0.0,0.0,0.0,0.0,0.0,0.0,0.0,0.0,0.0,0.0,0.0,0.0,0.0,0.0,0.0,0.0,0.0,0.0,0.0,0.0,0.0,0.0,0.0,0.0,0.0,0.0,0.0,0.0,0.0,0.0,0.0,0.0,0.0,0.0,0.0,0.0,0.0
0.0,0.0,0.0,0.0,0.0,0.0,0.0,0.0,0.0,0.0,0.0,0.0,0.0,0.0,0.0,0.0,0.0,0.0,0.0,0.0,0.0,0.0,0.0,0.0,0.0,0.0,0.0,0.0,0.0,0.0,0.0,0.0,0.0,0.0,0.0,0.0,0.0,0.0,0.0,0.0,0.0,0.0,0.0,0.0,0.0,0.0,0.0,0.0,0.0,0.0,0.0,0.0,0.0,0.0,0.0,0.0,0.0,0.0,0.0,0.0,0.0,0.0,0.0
0.0,0.0,0.0,0.0,0.0,0.0,0.0,0.0,0.0,0.0,0.0,0.0,0.0,0.0,0.0,0.0,0.0,0.0,0.0,0.0,0.0,0.0,0.0,0.0,0.0,0.0,0.0,0.0,0.0,0.0,0.0,0.0,0.0,0.0,0.0,0.0,0.0,0.0,0.0,0.0,0.0,0.0,0.0,0.0,0.0,0.0,0.0,0.0,0.0,0.0,0.0,0.0,0.0,0.0,0.0,0.0,0.0,0.0,0.0,0.0,0.0,0.0,0.0
0.0,0.0,0.0,0.0,0.0,0.0,0.0,0.0,0.0,0.0,0.0,0.0,0.0,0.0,0.0,0.0,0.0,0.0,0.0,0.0,0.0,0.0,0.0,0.0,0.0,0.0,0.0,0.0,0.0,0.0,0.0,0.0,0.0,0.0,0.0,0.0,0.0,0.0,0.0,0.0,0.0,0.0,0.0,0.0,0.0,0.0,0.0,0.0,0.0,0.0,0.0,0.0,0.0,0.0,0.0,0.0,0.0,0.0,0.0,0.0,0.0,0.0,0.0
0.0,0.0,0.0,0.0,0.0,0.0,0.0,0.0,0.0,0.0,0.0,0.0,0.0,0.0,0.0,0.0,0.0,0.0,0.0,0.0,0.0,0.0,0.0,0.0,0.0,0.0,0.0,0.0,0.0,0.0,0.0,0.0,0.0,0.0,0.0,0.0,0.0,0.0,0.0,0.0,0.0,0.0,0.0,0.0,0.0,0.0,0.0,0.0,0.0,0.0,0.0,0.0,0.0,0.0,0.0,0.0,0.0,0.0,0.0,0.0,0.0,0.0,0.0
0.0,0.0,0.0,0.0,0.0,0.0,0.0,0.0,0.0,0.0,0.0,0.0,0.0,0.0,0.0,0.0,0.0,0.0,0.0,0.0,0.0,0.0,0.0,0.0,0.0,0.0,0.0,0.0,0.0,0.0,0.0,0.0,0.0,0.0,0.0,0.0,0.0,0.0,0.0,0.0,0.0,0.0,0.0,0.0,0.0,0.0,0.0,0.0,0.0,0.0,0.0,0.0,0.0,0.0,0.0,0.0,0.0,0.0,0.0,0.0,0.0,0.0,0.0
0.4691372513771057,0.8315283060073853,2.464837223215e-07,0.5207594037055969,0.840684711933136,-0.0127824638038873,0.5693325996398926,0.8730024099349976,-0.0255519077181816,0.604401707649231,0.903522789478302,-0.0363171063363552,0.6324589252471924,0.9257685542106628,-0.0474752336740493,0.5557520389556885,0.885697066783905,-0.052539374679327,0.5894689559936523,0.935146987438202,-0.0758785679936409,0.6091234683990479,0.9657652974128724,-0.0874038487672805,0.6261700987815857,0.989852011203766,-0.0947973504662513,0.5274383425712585,0.8926191329956055,-0.0583736300468444,0.5469266772270203,0.9467151761054992,-0.0817542523145675,0.5624076128005981,0.9800117015838624,-0.0895656123757362,0.574123203754425,1.008769154548645,-0.0949949845671653,0.4920328259468078,0.8995487093925476,-0.0633293315768241,0.4940333068370819,0.9665644764900208,-0.0875309705734252,0.5009139776229858,1.0157850980758667,-0.0931581407785415,0.5069833993911743,1.0603034496307373,-0.0960247963666915,0.4547090530395508,0.902046263217926,-0.0681940242648124,0.4445266425609588,0.9615803956985474,-0.0918180868029594,0.4425613284111023,1.0065867900848389,-0.0982540771365165,0.4421627819538116,1.049310564994812,-0.1009876877069473
0.0,0.0,0.0,0.0,0.0,0.0,0.0,0.0,0.0,0.0,0.0,0.0,0.0,0.0,0.0,0.0,0.0,0.0,0.0,0.0,0.0,0.0,0.0,0.0,0.0,0.0,0.0,0.0,0.0,0.0,0.0,0.0,0.0,0.0,0.0,0.0,0.0,0.0,0.0,0.0,0.0,0.0,0.0,0.0,0.0,0.0,0.0,0.0,0.0,0.0,0.0,0.0,0.0,0.0,0.0,0.0,0.0,0.0,0.0,0.0,0.0,0.0,0.0
0.4724468886852264,0.7909443378448486,2.0580048953888766e-07,0.5239163637161255,0.7701078057289124,-0.0174360517412424,0.5765064358711243,0.7457307577133179,-0.0313198044896125,0.6163978576660156,0.7210443615913391,-0.0421447530388832,0.6445586085319519,0.6990725994110107,-0.0554112493991851,0.5661064386367798,0.7678465247154236,-0.0617289096117019,0.60677570104599,0.7619569897651672,-0.0907957181334495,0.6351576447486877,0.7544321417808533,-0.108448788523674,0.6610940098762512,0.7464206218719482,-0.1209307387471199,0.5383856892585754,0.7669375538825989,-0.0687042400240898,0.5641370415687561,0.7118640542030334,-0.0982935056090354,0.5798996090888977,0.6680217981338501,-0.1154658421874046,0.5922554731369019,0.6279592514038086,-0.1292716115713119,0.5051040053367615,0.7666047811508179,-0.0746000707149505,0.5121778845787048,0.7150958776473999,-0.1062807589769363,0.5208128690719604,0.6726046800613403,-0.1187958344817161,0.5292151570320129,0.6316213011741638,-0.1268448680639267,0.4711808264255523,0.7639163136482239,-0.0802270397543907,0.4631315767765045,0.7182986736297607,-0.1090414598584175,0.457630455493927,0.6855055093765259,-0.1175103858113288,0.4555801153182983,0.6545012593269348,-0.1226506829261779
0.477482795715332,0.7666921615600586,2.0245848020294946e-07,0.5336439609527588,0.7640985250473022,-0.0207317881286144,0.5905455946922302,0.7438778877258301,-0.0361106023192405,0.6348649263381958,0.7251428365707397,-0.048399917781353,0.6734431982040405,0.7088739275932312,-0.0635492950677871,0.5723769664764404,0.7059409618377686,-0.0637558177113533,0.6055598855018616,0.6553448438644409,-0.0945533663034439,0.6297510862350464,0.622066855430603,-0.1146736145019531,0.652923583984375,0.5930173993110657,-0.1298097372055053,0.5455060601234436,0.7019510865211487,-0.0703266561031341,0.5685718655586243,0.6320508122444153,-0.1060828045010566,0.5864335894584656,0.5838913917541504,-0.1288032680749893,0.6000482439994812,0.5414080023765564,-0.1463363915681839,0.5134103298187256,0.7057579755783081,-0.075937233865261,0.5218504667282104,0.6514314413070679,-0.1149467900395393,0.5292860269546509,0.6070813536643982,-0.1340774446725845,0.5352640748023987,0.5648790597915649,-0.1459057331085205,0.481249451637268,0.7129027843475342,-0.0812946707010269,0.4708671569824219,0.6736394762992859,-0.1169829666614532,0.4649162292480469,0.6408188343048096,-0.1316007375717163,0.4604924917221069,0.6051355004310608,-0.140888825058937
0.487658828496933,0.735011100769043,4.603558068083658e-07,0.5460779070854187,0.7255463600158691,-0.015609641559422,0.5968152284622192,0.7001978158950806,-0.0297551304101943,0.6378278136253357,0.682767391204834,-0.0429635234177112,0.6743382811546326,0.6691866517066956,-0.0589886121451854,0.5802038311958313,0.6467995643615723,-0.0466782636940479,0.6140722632408142,0.5996655821800232,-0.0748262926936149,0.6394583582878113,0.5722562074661255,-0.0949276238679885,0.6642649173736572,0.5496667623519897,-0.1097795590758323,0.5554455518722534,0.639122724533081,-0.0573155991733074,0.5779675245285034,0.5734546780586243,-0.0868735909461975,0.5972224473953247,0.5265696048736572,-0.1094843223690986,0.6145160794258118,0.4861239790916443,-0.1266907453536987,0.5232815146446228,0.6476139426231384,-0.0676765367388725,0.5327008962631226,0.5822237730026245,-0.0986081734299659,0.5397400856018066,0.5373274087905884,-0.1166629865765571,0.5470786094665527,0.4961553812026977,-0.1286937445402145,0.4888258576393127,0.6679427623748779,-0.0778601020574569,0.4780919253826141,0.6216491460800171,-0.1057842373847961,0.472504585981369,0.5869972705841064,-0.1167555227875709,0.4680783152580261,0.5520484447479248,-0.1236349269747734
0.5007427930831909,0.6967660188674927,5.19072386850894e-07,0.5618404746055603,0.6862430572509766,-0.0167495571076869,0.6121848225593567,0.6564331650733948,-0.0300562586635351,0.6542127132415771,0.6338157057762146,-0.0424868129193782,0.6915767788887024,0.6191055774688721,-0.0574835091829299,0.5976014137268066,0.5947306156158447,-0.0396790988743305,0.6305503845214844,0.5500800013542175,-0.064670629799366,0.6551985144615173,0.5193955898284912,-0.0831898301839828,0.6781182289123535,0.4903180599212646,-0.0965123549103736,0.5716246366500854,0.5764107704162598,-0.0476289428770542,0.5951887965202332,0.5144654512405396,-0.0705154836177825,0.6140377521514893,0.4688469767570495,-0.0892516076564788,0.6320075988769531,0.4276075661182403,-0.1034869700670242,0.5395411849021912,0.5747164487838745,-0.0560866557061672,0.5537387728691101,0.5103703737258911,-0.0799707770347595,0.5649120807647705,0.4624183773994446,-0.0963060930371284,0.5759444832801819,0.4191801846027374,-0.1078055799007415,0.5042095184326172,0.5901026129722595,-0.0648775473237037,0.498299241065979,0.5402353405952454,-0.0881325080990791,0.4946997761726379,0.5052466988563538,-0.0980397388339042,0.4925180971622467,0.4714850187301636,-0.1040833890438079
0.5171768069267273,0.6728839874267578,5.205238267080858e-07,0.5728515982627869,0.6725955605506897,-0.0202576331794261,0.6215898990631104,0.6447655558586121,-0.0343111753463745,0.6642200946807861,0.622531533241272,-0.0470873415470123,0.7007560133934021,0.6067491769790649,-0.0621449649333953,0.6125800609588623,0.5680317282676697,-0.04047492146492,0.6524147391319275,0.5195185542106628,-0.0649353563785553,0.6786928772926331,0.4854169487953186,-0.0816834345459938,0.7008634209632874,0.4525344669818878,-0.0935177356004715,0.5856904983520508,0.54780513048172,-0.0470985434949398,0.6146345138549805,0.4779908657073974,-0.0691006332635879,0.6342570781707764,0.4308004677295685,-0.085925742983818,0.6507675647735596,0.3860470652580261,-0.0979389697313308,0.5522838234901428,0.5470587611198425,-0.0546533353626728,0.5676574110984802,0.4806329607963562,-0.0780418738722801,0.5802468657493591,0.431942731142044,-0.0934454649686813,0.5931214094161987,0.3858866691589355,-0.1038403734564781,0.5166550874710083,0.563700795173645,-0.0629627108573913,0.5107742547988892,0.5130428671836853,-0.0863540023565292,0.5086182355880737,0.4774692058563232,-0.0958332791924476,0.5093747973442078,0.4434190392494201,-0.1010719612240791
0.5237690210342407,0.6647824048995972,4.860654598815017e-07,0.5760768055915833,0.6676216125488281,-0.0215844754129648,0.625737190246582,0.6435800194740295,-0.0372189655900001,0.6673334240913391,0.6204493641853333,-0.0513578653335571,0.7056620717048645,0.6044072508811951,-0.0673543140292167,0.622117817401886,0.562888503074646,-0.0425384938716888,0.6652911305427551,0.5105471611022949,-0.0691910162568092,0.6937100887298584,0.4763588905334472,-0.086765319108963,0.7180662751197815,0.4450165331363678,-0.0988181233406066,0.5958366990089417,0.540425181388855,-0.0489499010145664,0.6285656690597534,0.4680607318878174,-0.0736146122217178,0.6509413719177246,0.4207462072372436,-0.0902013257145881,0.669603168964386,0.3766663074493408,-0.1017554774880409,0.5633947253227234,0.5383320450782776,-0.0568120703101158,0.5808672904968262,0.4673335254192352,-0.0814894288778305,0.5941625237464905,0.4171197414398193,-0.0957259386777877,0.609107255935669,0.3703280091285705,-0.1051188707351684,0.5280285477638245,0.552233099937439,-0.0657602325081825,0.5235139727592468,0.4964151680469513,-0.0896330326795578,0.5232948064804077,0.4587237238883972,-0.0992548242211341,0.526913583278656,0.4221889078617096,-0.1047039330005645
0.5307404398918152,0.6610901355743408,4.6308196033351123e-07,0.5817998647689819,0.6660781502723694,-0.0207394305616617,0.632072925567627,0.6432492733001709,-0.0358673967421054,0.6742514371871948,0.6200261116027832,-0.0497280620038509,0.7122300863265991,0.6036406755447388,-0.0654793456196785,0.6360722184181213,0.5585034489631653,-0.0398929603397846,0.6817891597747803,0.5103270411491394,-0.0666515380144119,0.7119808197021484,0.4770984649658203,-0.0851007401943206,0.7379305362701416,0.4463747143745422,-0.0979669392108917,0.6114441752433777,0.5355314016342163,-0.0473002828657627,0.6481186747550964,0.4649341702461242,-0.0718246474862098,0.6732693314552307,0.4175309538841247,-0.0895937010645866,0.6947533488273621,0.3732786774635315,-0.102390632033348,0.5795807242393494,0.5323189496994019,-0.0563219226896762,0.6023309230804443,0.4626270830631256,-0.0812764465808868,0.6203168630599976,0.4122899770736694,-0.0969833433628082,0.6394577026367188,0.3663333654403686,-0.1076151132583618,0.5435677170753479,0.5444158315658569,-0.0664151608943939,0.5418851375579834,0.4850464165210724,-0.091246448457241,0.5453329682350159,0.4436811506748199,-0.1024207025766372,0.5533114671707153,0.4044552445411682,-0.1092059537768364
0.5284159183502197,0.65694260597229,4.298944986658171e-07,0.5802958011627197,0.6611752510070801,-0.0199908278882503,0.631856381893158,0.6376769542694092,-0.0341975651681423,0.6739382743835449,0.6154177188873291,-0.0474813841283321,0.7113245725631714,0.5989196300506592,-0.062208205461502,0.6365315914154053,0.5495116710662842,-0.0359593294560909,0.6806932687759399,0.503314733505249,-0.0623986311256885,0.7116500735282898,0.4725435972213745,-0.08082777261734,0.7392381429672241,0.4441455900669098,-0.0938379541039466,0.6138883829116821,0.5254918932914734,-0.0438948012888431,0.6502828001976013,0.4549716413021087,-0.0689120069146156,0.6762192249298096,0.4087076187133789,-0.0862973406910896,0.6989325284957886,0.365184485912323,-0.0984989255666732,0.5828657746315002,0.5218412280082703,-0.0537627525627613,0.6053411960601807,0.4513226449489593,-0.0795772820711135,0.623999834060669,0.4023768305778503,-0.0946499854326248,0.6437580585479736,0.3573464155197143,-0.1044380962848663,0.5467312932014465,0.5342825651168823,-0.0647261813282966,0.5461834073066711,0.4758376479148865,-0.0898810774087905,0.5500274896621704,0.4349805116653442,-0.1006695330142974,0.5579175353050232,0.3949450254440307,-0.107056587934494
0.521995484828949,0.6494141817092896,3.671762556223257e-07,0.5750827789306641,0.6498621106147766,-0.015562530606985,0.6275615096092224,0.6199537515640259,-0.0258426256477832,0.6692702770233154,0.5963678956031799,-0.0363768897950649,0.7052444219589233,0.5823494791984558,-0.0484763942658901,0.6327970027923584,0.5314859747886658,-0.025457065552473,0.6745223999023438,0.481764018535614,-0.0479097329080104,0.703172504901886,0.4495106339454651,-0.0644370168447494,0.7281811833381653,0.4225735962390899,-0.07609374076128,0.6086533665657043,0.509281575679779,-0.0338819772005081,0.6418365836143494,0.4380272030830383,-0.0542562305927276,0.6672027111053467,0.3911578059196472,-0.0695775002241134,0.6894570589065552,0.3506752848625183,-0.0802727565169334,0.577876627445221,0.5069989562034607,-0.0442820787429809,0.5988805294036865,0.432634949684143,-0.0652673691511154,0.6164459586143494,0.3845118880271911,-0.0784495994448661,0.6354207992553711,0.3429548144340515,-0.0873238667845726,0.5430838465690613,0.5216699242591858,-0.0558118894696235,0.5402082204818726,0.4643712043762207,-0.077473409473896,0.5428076982498169,0.424017995595932,-0.0870652794837951,0.5497595071792603,0.3864463567733764,-0.0925626009702682
0.5130364298820496,0.6430363655090332,3.678514985949733e-07,0.5648253560066223,0.6386054754257202,-0.0177120584994554,0.6159466505050659,0.5986303091049194,-0.0294840764254331,0.6577454805374146,0.5717501640319824,-0.0414909683167934,0.6946262717247009,0.5530840158462524,-0.0555596277117729,0.6155552864074707,0.5056660175323486,-0.0306050069630146,0.6528967618942261,0.4490769207477569,-0.0563429743051528,0.6805225014686584,0.4165354669094085,-0.0752051845192909,0.7061677575111389,0.3918621242046356,-0.0885827913880348,0.5903894305229187,0.4873000979423523,-0.0389686040580272,0.6188355684280396,0.4130729138851166,-0.0639696270227432,0.6422032117843628,0.3658726215362549,-0.0835876017808914,0.6646614074707031,0.3250507116317749,-0.0978135019540786,0.5597790479660034,0.4886720478534698,-0.0493227690458297,0.5742377638816833,0.4116412103176117,-0.074466273188591,0.5881614089012146,0.3620534837245941,-0.0906772539019584,0.6044152975082397,0.3194952011108398,-0.1018425449728965,0.5259541869163513,0.5054519176483154,-0.0608103834092617,0.5220789909362793,0.4435439109802246,-0.0848745629191398,0.5237420201301575,0.403546392917633,-0.0967221334576606,0.5293823480606079,0.3666282892227173,-0.1044467315077781
0.4802739024162292,0.6307820081710815,3.1029193792164733e-07,0.5328835248947144,0.6059996485710144,-0.0264417119324207,0.5844211578369141,0.5525550246238708,-0.0381288155913353,0.6227343678474426,0.5105283260345459,-0.0476179830729961,0.6513049006462097,0.4783326983451843,-0.0592577122151851,0.5643212795257568,0.4654799401760101,-0.0337970070540905,0.5899034142494202,0.4054732620716095,-0.0564161539077758,0.6077317595481873,0.3671315908432007,-0.076359674334526,0.6216820478439331,0.3331540524959564,-0.0913314372301101,0.5330649614334106,0.451227068901062,-0.0373694337904453,0.5418187379837036,0.3649667501449585,-0.0574405752122402,0.5464028716087341,0.3074217438697815,-0.0782656744122505,0.5479511618614197,0.2575714588165283,-0.0950114801526069,0.5010878443717957,0.4581443667411804,-0.04343768581748,0.5062664151191711,0.374607115983963,-0.0644872933626174,0.5103274583816528,0.3220452070236206,-0.0837285742163658,0.5143777132034302,0.2770261764526367,-0.0984238758683204,0.4681631922721863,0.4842133820056915,-0.0513941720128059,0.4546993374824524,0.4245623648166656,-0.0723666101694107,0.4448417425155639,0.3871632814407348,-0.0844334289431572,0.43803870677948,0.35220867395401,-0.0932260304689407
0.4622964262962341,0.6160231828689575,3.867721432015969e-07,0.5143539905548096,0.5854628086090088,-0.0266345907002687,0.5577132105827332,0.5219855904579163,-0.0383405424654483,0.5913147330284119,0.4701676070690155,-0.0480845049023628,0.6276557445526123,0.4456738531589508,-0.0590761788189411,0.5251838564872742,0.4347237050533294,-0.0301279984414577,0.5420634746551514,0.3597404062747955,-0.0504415147006511,0.5495660901069641,0.3066349029541015,-0.0653491765260696,0.5550028085708618,0.2642744779586792,-0.0764886289834976,0.4914564490318298,0.4270435869693756,-0.0323266796767711,0.5004207491874695,0.3435259163379669,-0.0508245602250099,0.5099184513092041,0.2884423732757568,-0.0662100538611412,0.5193347334861755,0.2442591339349746,-0.0774946510791778,0.4594708085060119,0.4393474757671356,-0.0374044552445411,0.4573659598827362,0.3622344732284546,-0.0564449876546859,0.4625284671783447,0.3157731294631958,-0.0703543871641159,0.4722135663032532,0.2769465446472168,-0.0804814919829368,0.4272134304046631,0.4686844944953918,-0.0448798425495624,0.4075229465961456,0.4231361746788025,-0.0636273622512817,0.3989967107772827,0.3902859985828399,-0.0738821551203727,0.396763801574707,0.3592309951782226,-0.080616146326065
0.4470631778240204,0.6141003370285034,5.104058118376997e-07,0.4938453733921051,0.5777695178985596,-0.0328204333782196,0.5309804081916809,0.5112881660461426,-0.0501136891543865,0.5600122213363647,0.4551368057727813,-0.0645318180322647,0.5903900861740112,0.4199264943599701,-0.0807589590549469,0.4916934370994568,0.4280850887298584,-0.0488833785057067,0.5101311802864075,0.3491508066654205,-0.0786004215478897,0.5211641788482666,0.2954733669757843,-0.0998897776007652,0.5298817753791809,0.2485484927892685,-0.1150140762329101,0.4539708793163299,0.4207579791545868,-0.0517802536487579,0.45292729139328,0.3275056779384613,-0.0786686539649963,0.4526633620262146,0.2675248086452484,-0.0989031568169593,0.4526101648807525,0.214816004037857,-0.1138184741139411,0.4196870326995849,0.4375325739383697,-0.0575188845396041,0.4050337076187134,0.3529038727283478,-0.0841778889298439,0.3966514468193054,0.2970301806926727,-0.1023415103554725,0.391907662153244,0.2488323301076889,-0.1150422543287277,0.3885013163089752,0.4724847078323364,-0.0657316073775291,0.3612919449806213,0.4181256294250488,-0.089967131614685,0.3436067998409271,0.3828285038471222,-0.1022673770785331,0.3305867910385132,0.3488746285438537,-0.1104360073804855
0.4169436395168304,0.6307239532470703,4.7349956844300323e-07,0.4601246416568756,0.5840917229652405,-0.0308358464390039,0.4881132841110229,0.511819064617157,-0.0434478297829628,0.5006827116012573,0.4516960680484772,-0.0530419237911701,0.5111541152000427,0.4069826602935791,-0.0634873732924461,0.4341827034950256,0.4302202761173248,-0.03948225826025,0.4353261590003967,0.3482043147087097,-0.0613544583320617,0.4334675073623657,0.2937384843826294,-0.0777217298746109,0.4292067289352417,0.2448052763938903,-0.0903344228863716,0.392790138721466,0.4314059615135193,-0.0409895107150077,0.374564379453659,0.3324566483497619,-0.0621430613100528,0.3632392883300781,0.2720271944999695,-0.0811850428581237,0.3512381017208099,0.2211481630802154,-0.0955148264765739,0.3595520853996277,0.4554973840713501,-0.0449038371443748,0.3262520432472229,0.373107373714447,-0.0677012950181961,0.3070790767669678,0.319660484790802,-0.0867276191711425,0.2912445068359375,0.2743869423866272,-0.1000230759382247,0.3327868580818176,0.4983943700790405,-0.0510483123362064,0.2987061738967895,0.4463365972042084,-0.0732293128967285,0.2765733599662781,0.4164767861366272,-0.08606618642807,0.2584797143936157,0.3866626620292663,-0.0946000143885612
0.4023134410381317,0.6380035877227783,4.350144422460289e-07,0.4440097510814667,0.5829914212226868,-0.0282922089099884,0.4634303748607635,0.5072554349899292,-0.042106594890356,0.4675496220588684,0.445172905921936,-0.0540287569165229,0.4814102053642273,0.4006107449531555,-0.0670344978570938,0.4049391448497772,0.4418956935405731,-0.0410917438566684,0.3971951007843017,0.3546735048294067,-0.0652685463428497,0.3902549743652344,0.3007602095603943,-0.0813390091061592,0.3811538815498352,0.2518943548202514,-0.0930899605154991,0.3630611300468445,0.4482008814811706,-0.044335763901472,0.338483452796936,0.3529456257820129,-0.0668296068906784,0.320728063583374,0.2925209403038025,-0.0830184668302536,0.302867591381073,0.2399410158395767,-0.094994805753231,0.3294281363487243,0.4755379259586334,-0.0500289388000965,0.2922981977462768,0.3948840498924255,-0.0733275413513183,0.2675231397151947,0.342448353767395,-0.0891346260905265,0.2463445514440536,0.2968356609344482,-0.1000085547566413,0.3022033274173736,0.5193933844566345,-0.0578500591218471,0.2626135051250458,0.4702464938163757,-0.0800838842988014,0.2366008907556533,0.4395705461502075,-0.0910698696970939,0.213669866323471,0.4090065658092499,-0.0981650426983833
0.3888750672340393,0.6463546752929688,4.505003516896977e-07,0.4288859069347381,0.5879208445549011,-0.0291091315448284,0.4448375701904297,0.5097903609275818,-0.04396203905344,0.4460837244987488,0.4453548192977905,-0.0563571527600288,0.4591991603374481,0.4002909064292907,-0.0698600113391876,0.3814391791820526,0.4518479704856872,-0.0448718294501304,0.3696630001068115,0.3665933609008789,-0.0698415115475654,0.3586558401584625,0.3129472434520721,-0.0864284411072731,0.3449816107749939,0.2654363512992859,-0.0985092446208,0.339191198348999,0.4637149572372436,-0.047293797135353,0.3097829222679138,0.369613379240036,-0.0705408602952957,0.2889460325241089,0.3116524517536163,-0.0863539725542068,0.267687052488327,0.2624154686927795,-0.0977463573217392,0.3066875040531158,0.4949792623519897,-0.0518475957214832,0.2638440132141113,0.4181331396102905,-0.0752563178539276,0.2361469119787216,0.3683072030544281,-0.0898899286985397,0.212111622095108,0.3250380158424377,-0.0996230989694595,0.2821401357650757,0.5414871573448181,-0.0585519447922706,0.2386637181043625,0.4943244755268097,-0.0805722177028656,0.211988091468811,0.4638642966747284,-0.0909368246793747,0.18891541659832,0.4328776597976684,-0.0973190069198608
0.3764075636863708,0.6554092168807983,4.76790205539146e-07,0.4160471856594085,0.5980566143989563,-0.0331725627183914,0.4301280975341797,0.5217995643615723,-0.0494113340973854,0.4283807873725891,0.4575284123420715,-0.0624802000820636,0.4366695880889892,0.4088120758533478,-0.076218269765377,0.3605156242847442,0.4619510173797607,-0.0466055981814861,0.3444920182228088,0.3780355453491211,-0.0722126439213752,0.3307159841060638,0.3244814872741699,-0.0895223617553711,0.3144180178642273,0.2778230905532837,-0.1019015535712242,0.3181752562522888,0.475914865732193,-0.047159269452095,0.2834629118442535,0.383324384689331,-0.0705583915114402,0.2588266134262085,0.3266165852546692,-0.0868670344352722,0.2343341708183288,0.2797011137008667,-0.0984715148806572,0.286267876625061,0.5088832378387451,-0.0503339059650898,0.2397465705871582,0.4358393251895904,-0.0745483413338661,0.2093097418546676,0.3897920250892639,-0.0898803099989891,0.1829014420509338,0.351164162158966,-0.0996664687991142,0.2632824778556824,0.5566526651382446,-0.0560086145997047,0.215074822306633,0.5121855735778809,-0.0793295949697494,0.1846751421689987,0.4869265556335449,-0.0902675464749336,0.1573973298072815,0.4609250724315643,-0.0965628549456596
0.3642732501029968,0.6641511917114258,4.750830271404993e-07,0.401081383228302,0.6079254746437073,-0.0394393950700759,0.4128671884536743,0.5354134440422058,-0.0595978461205959,0.4039315581321716,0.4741612672805786,-0.0753697454929351,0.4057015776634216,0.4213042259216308,-0.0914580374956131,0.3342078328132629,0.4759230017662048,-0.0545113235712051,0.3104973435401916,0.3949592709541321,-0.0829166620969772,0.2926763594150543,0.3436762392520904,-0.1015955507755279,0.2722962498664856,0.2977485656738281,-0.115304909646511,0.2919389307498932,0.4922472536563873,-0.0531754679977893,0.2495044469833374,0.4041705727577209,-0.080414280295372,0.2195063978433609,0.352212131023407,-0.0992588698863983,0.1891174465417862,0.3068711757659912,-0.1123337000608444,0.2629750370979309,0.5273445248603821,-0.0546814315021038,0.2080994248390197,0.4617267847061157,-0.0834251344203949,0.170212909579277,0.4195843338966369,-0.1014891043305397,0.1357611119747162,0.3824832737445831,-0.1125983148813247,0.2452379465103149,0.5766567587852478,-0.0588411912322044,0.1926834881305694,0.5384029150009155,-0.0860155299305915,0.1592151075601577,0.5172290205955505,-0.099122442305088,0.1280208379030227,0.4943814277648926,-0.1065879240632057
0.3627670407295227,0.6661139726638794,4.7534891223222086e-07,0.39815354347229,0.6110367774963379,-0.0435678325593471,0.4092683792114258,0.5411854386329651,-0.0674797222018241,0.4007591605186462,0.4833173453807831,-0.0863431170582771,0.3998339772224426,0.427498310804367,-0.1055954545736312,0.3286818265914917,0.4783415794372558,-0.0601045005023479,0.3045850396156311,0.4000807404518127,-0.0919506251811981,0.2850536108016968,0.3498656153678894,-0.1138069108128547,0.2631405889987945,0.3050369024276733,-0.1294817179441452,0.2860353887081146,0.4954675436019897,-0.0575954876840114,0.2419773936271667,0.4111239910125732,-0.087783008813858,0.2099409997463226,0.3603224456310272,-0.1085574477910995,0.1778073608875274,0.3169469833374023,-0.1228640303015708,0.2580213844776153,0.5309362411499023,-0.0583190098404884,0.2030448019504547,0.4674032330513,-0.0886902883648872,0.1640207916498184,0.4266090393066406,-0.1075101122260093,0.1285635232925415,0.389708936214447,-0.1192332357168197,0.2420124411582946,0.5799386501312256,-0.0621011666953563,0.1893327236175537,0.5430201888084412,-0.0906120389699935,0.1548798382282257,0.5206519961357117,-0.1042768210172653,0.1229090690612793,0.4962294995784759,-0.1122427955269813
0.3646975755691528,0.6645215749740601,4.625951248726778e-07,0.3994324207305908,0.6118432879447937,-0.0436738766729831,0.4097962975502014,0.5408274531364441,-0.0680322721600532,0.4016381800174713,0.4808973670005798,-0.0872452557086944,0.401890754699707,0.4242936670780182,-0.1070762798190116,0.3303365111351013,0.4767981171607971,-0.0620184019207954,0.3052723705768585,0.3980440199375152,-0.0941997095942497,0.2852432131767273,0.348041832447052,-0.11661197245121,0.2630495131015777,0.3027307987213135,-0.1330637484788894,0.2876768708229065,0.4934073984622955,-0.0596136078238487,0.2432630956172943,0.4095084071159363,-0.0898126885294914,0.2113593816757202,0.3583055436611175,-0.111479677259922,0.1789012998342514,0.3135262131690979,-0.1271234303712844,0.2595448493957519,0.5286523103713989,-0.0603413172066211,0.2046416997909546,0.4658616781234741,-0.0907982736825943,0.1663694828748703,0.4250419735908508,-0.1113375350832939,0.1316102296113968,0.3893329203128814,-0.1248423680663108,0.2438293844461441,0.5771607160568237,-0.064088150858879,0.1900316923856735,0.5411380529403687,-0.0931568965315818,0.1540243327617645,0.5203616619110107,-0.1083790510892868,0.1200939267873764,0.4990497529506683,-0.1180052980780601
0.3783036172389984,0.6560454964637756,4.248915672633302e-07,0.415701150894165,0.5985909104347229,-0.0289868041872978,0.4295014142990112,0.5227210521697998,-0.0448278039693832,0.4273718595504761,0.4602202475070953,-0.0584577359259128,0.4361409544944763,0.4140187799930572,-0.0733232498168945,0.3574691712856293,0.4660729169845581,-0.0447696149349212,0.3364104926586151,0.3826356828212738,-0.0712812468409538,0.3208617568016052,0.3298587799072265,-0.0893125161528587,0.3038681745529175,0.2848572134971618,-0.1015641391277313,0.3154207766056061,0.479394793510437,-0.0470487885177135,0.275848388671875,0.3893178701400757,-0.0698768943548202,0.2490478307008743,0.3334616720676422,-0.0855376720428466,0.2223313450813293,0.2885348498821258,-0.0964444801211357,0.2845421135425567,0.5105334520339966,-0.0515643954277038,0.2356070578098297,0.4399333596229553,-0.0736364349722862,0.203003704547882,0.3954778909683227,-0.0882917419075965,0.1739157736301422,0.3587826490402221,-0.0977707728743553,0.263458788394928,0.5558719635009766,-0.0583584792912006,0.2144152522087097,0.5162981152534485,-0.0788857564330101,0.1835543513298034,0.4922671318054199,-0.0879765897989273,0.1562976390123367,0.4692126810550689,-0.0931141003966331
0.391079694032669,0.6488513946533203,4.329680791670399e-07,0.4292169213294983,0.5934101939201355,-0.02889602817595,0.4465292692184448,0.5166216492652893,-0.0451041385531425,0.4496184587478637,0.4525357484817505,-0.0592632591724395,0.4628589153289795,0.4081766903400421,-0.0748210027813911,0.3818526864051819,0.4550659954547882,-0.0441934913396835,0.3669111430644989,0.3734802603721618,-0.0709588453173637,0.3548232018947601,0.3213140070438385,-0.0894424691796302,0.341244488954544,0.275160551071167,-0.1022734194993972,0.339920163154602,0.4646844267845154,-0.0474504195153713,0.3062388300895691,0.3730394542217254,-0.0711266174912452,0.2830736637115478,0.315084844827652,-0.0872747972607612,0.25981006026268,0.267055869102478,-0.0987161472439765,0.3080969452857971,0.4947105944156647,-0.0531333312392234,0.2637856304645538,0.4197613894939422,-0.0764170363545417,0.2328680157661438,0.3710506558418274,-0.0916765481233596,0.2058001458644867,0.3300281167030334,-0.1016140952706337,0.2843948006629944,0.5405580401420593,-0.0610660351812839,0.2387510538101196,0.493439257144928,-0.0825295448303222,0.2096006423234939,0.4625390172004699,-0.0923639088869094,0.1841607242822647,0.4326888024806976,-0.0983312204480171
0.4039486050605774,0.6403791904449463,4.261515869075083e-07,0.4456806778907776,0.5942060351371765,-0.0288214106112718,0.4708409905433655,0.5248574018478394,-0.0458415038883686,0.4812471866607666,0.4679337739944458,-0.0610593669116497,0.4918428063392639,0.4229267239570617,-0.0775394812226295,0.4120821952819824,0.4460611045360565,-0.0444797277450561,0.4018645286560058,0.362844318151474,-0.0726581811904907,0.394905149936676,0.310109794139862,-0.0920872166752815,0.3860595226287842,0.263845145702362,-0.1051970720291137,0.3687271475791931,0.4497886300086975,-0.0483691729605197,0.340177446603775,0.3550303876399994,-0.0734733492136001,0.3223179876804352,0.2956531643867492,-0.0908911004662513,0.3045563995838165,0.2467713803052902,-0.1028966680169105,0.3343872129917145,0.4762394428253174,-0.0548082552850246,0.2962492704391479,0.3973821997642517,-0.0793297663331031,0.2704867720603943,0.3435096144676208,-0.0957683324813842,0.2484735548496246,0.2969684302806854,-0.106493093073368,0.3070253133773803,0.5194032192230225,-0.0633762776851654,0.2667617201805115,0.4695706069469452,-0.0863609388470649,0.240322858095169,0.437147319316864,-0.0969164669513702,0.2178143113851547,0.4052044749259949,-0.1031346246600151
0.4183586537837982,0.6319566965103149,3.843600779873668e-07,0.4666649997234344,0.5918376445770264,-0.0255153980106115,0.4969935715198517,0.5245606899261475,-0.0394372604787349,0.5122314691543579,0.4687961935997009,-0.0523545369505882,0.5286445617675781,0.4281743764877319,-0.0664238482713699,0.4441096186637878,0.4362205564975738,-0.0357237718999385,0.4425907135009765,0.3542708456516266,-0.0598943196237087,0.4403663873672485,0.3046587705612182,-0.0766632035374641,0.4371540546417236,0.2624865770339966,-0.0883652493357658,0.4008949995040893,0.4326298236846924,-0.0396932661533355,0.3804157078266144,0.3367648124694824,-0.0619446523487567,0.369663655757904,0.2782585918903351,-0.0780402496457099,0.3590297698974609,0.2315162569284439,-0.0889680683612823,0.3656845986843109,0.4526223838329315,-0.0461992174386978,0.332205057144165,0.3741853833198547,-0.0687389373779296,0.3106371760368347,0.3216249346733093,-0.085159383714199,0.2925345301628113,0.2772558927536011,-0.0958713665604591,0.3377598226070404,0.4894076585769653,-0.0545990094542503,0.3039081692695617,0.4378336668014526,-0.076015293598175,0.2806004285812378,0.4067553877830505,-0.0865799114108085,0.2604056596755981,0.3780894875526428,-0.0928574576973915
0.4409858882427215,0.648790717124939,4.2259253518750484e-07,0.4952554702758789,0.6075838804244995,-0.0260591860860586,0.5415842533111572,0.5463535189628601,-0.0435558333992958,0.5707622766494751,0.5003198981285095,-0.0607162564992904,0.5997342467308044,0.4655958116054535,-0.0794726237654686,0.5072193741798401,0.441433846950531,-0.0287948623299598,0.5259954929351807,0.3640803098678589,-0.0563731975853443,0.5379838943481445,0.3100478649139404,-0.0798654183745384,0.551025927066803,0.2646958231925964,-0.0960336625576019,0.4745435118675232,0.4309051036834717,-0.034340176731348,0.4837300777435303,0.3409264385700226,-0.056974034756422,0.4911751747131347,0.2823702096939087,-0.0771215036511421,0.5001022219657898,0.2334482073783874,-0.0919113531708717,0.4409967064857483,0.4397148787975311,-0.0431212447583675,0.4361883997917175,0.3555705547332763,-0.0658351853489875,0.4463081657886505,0.3074586391448974,-0.0795845761895179,0.4604992270469665,0.2701792120933532,-0.0891025066375732,0.4053876101970672,0.4669439494609833,-0.0545222535729408,0.3910059928894043,0.4152543246746063,-0.0734220296144485,0.4000782370567322,0.4087890088558197,-0.0762090384960174,0.4134548008441925,0.4132203757762909,-0.0771607086062431
0.4731578528881073,0.6449548602104187,3.330353308683698e-07,0.5267871022224426,0.6172055006027222,-0.0216268375515937,0.575202465057373,0.5685026049613953,-0.0354712270200252,0.609330415725708,0.5259057283401489,-0.0497955530881881,0.6385167241096497,0.4945411086082458,-0.0657951831817627,0.5626457333564758,0.4619643986225128,-0.0255922526121139,0.5937135219573975,0.3921378850936889,-0.0509978532791137,0.6141234636306763,0.3549454808235168,-0.0721673816442489,0.6325436234474182,0.3241305351257324,-0.0862268954515457,0.5332655906677246,0.4460819959640503,-0.0328823886811733,0.5486431121826172,0.3541197776794433,-0.0529620312154293,0.5545138716697693,0.2915648221969604,-0.0722520798444747,0.5586209297180176,0.2393210381269455,-0.0863847732543945,0.4997417330741882,0.4517057836055755,-0.0430082492530345,0.5100661516189575,0.3653179407119751,-0.0642771869897842,0.5148445963859558,0.3111855983734131,-0.0817180499434471,0.5220585465431213,0.2640963494777679,-0.0942222997546196,0.4618711769580841,0.4758433103561401,-0.0548637360334396,0.4440906345844269,0.4243347346782684,-0.0753996819257736,0.4353266954421997,0.4047423899173736,-0.083073653280735,0.4308375120162964,0.3906790614128113,-0.087484136223793
0.4922381937503814,0.6486812829971313,3.120751443930203e-07,0.5498509407043457,0.6319083571434021,-0.0182728543877601,0.602442741394043,0.5895377397537231,-0.0299827493727207,0.6409705877304077,0.5554984211921692,-0.0420537777245044,0.6724578738212585,0.5343087911605835,-0.0557803027331829,0.5891836285591125,0.4809745550155639,-0.0194288119673728,0.619712233543396,0.4192328155040741,-0.040254533290863,0.6425434947013855,0.3856479823589325,-0.0573992095887661,0.6638710498809814,0.360415905714035,-0.0693586766719818,0.5646642446517944,0.4648478627204895,-0.0258852150291204,0.5912402868270874,0.3859948515892029,-0.0438743121922016,0.6158146858215332,0.3526102006435394,-0.0584950149059295,0.6391699910163879,0.3307656645774841,-0.0684412494301796,0.5361030697822571,0.4666468203067779,-0.0351226925849914,0.5535910129547119,0.3889514207839966,-0.0553731396794319,0.5737399458885193,0.3517978191375732,-0.0678153112530708,0.5942263007164001,0.3229520916938782,-0.0762913897633552,0.5048484206199646,0.482562392950058,-0.045887891203165,0.5084990859031677,0.4332835376262665,-0.0641369298100471,0.5192432403564453,0.4269844591617584,-0.068538099527359,0.5304173231124878,0.4272894263267517,-0.0706056654453277
0.5174821019172668,0.6604796648025513,2.826463969540783e-07,0.5777482986450195,0.6594789028167725,-0.0125070791691541,0.6363965272903442,0.6329085230827332,-0.0217240024358034,0.6795467734336853,0.6123119592666626,-0.0330793671309948,0.7166500091552734,0.6051610112190247,-0.0455334484577178,0.6480611562728882,0.5377074480056763,-0.0093002850189805,0.6919605731964111,0.4919086396694183,-0.0289431493729352,0.7209317684173584,0.4649240672588348,-0.0462635345757007,0.7487703561782837,0.4437481164932251,-0.0584582798182964,0.630062460899353,0.5111227035522461,-0.018187316134572,0.6668918132781982,0.444011926651001,-0.0343049354851245,0.6954798698425293,0.4012208878993988,-0.0493724681437015,0.7209502458572388,0.3657276630401611,-0.0602446682751178,0.604221522808075,0.5002031326293945,-0.0300815496593713,0.6271306276321411,0.4295613765716553,-0.0468470454216003,0.6456074714660645,0.3864485621452331,-0.05924928560853,0.6650593280792236,0.3506259620189667,-0.067692220211029,0.5722095966339111,0.5043638944625854,-0.0436558239161968,0.5672796368598938,0.443760871887207,-0.0583895333111286,0.5674062967300415,0.4080263972282409,-0.0643409341573715,0.570338249206543,0.3784925937652588,-0.0680862739682197
0.5458573698997498,0.6737386584281921,2.637119678183808e-07,0.6002664566040039,0.6827024817466736,-0.0116534633561968,0.6568102836608887,0.6586875319480896,-0.0200553797185421,0.7007765173912048,0.6420980095863342,-0.030639486387372,0.7366847991943359,0.6354861259460449,-0.043121863156557,0.671715259552002,0.5604051351547241,-0.014618651010096,0.7150436639785767,0.5213080048561096,-0.0373370610177516,0.7467024326324463,0.4976508319377899,-0.0558826401829719,0.7748318910598755,0.4800660014152527,-0.0689257234334945,0.6566449403762817,0.5346612930297852,-0.025498379021883,0.697300910949707,0.4629232883453369,-0.0463383011519908,0.7311362028121948,0.425697386264801,-0.0630198046565055,0.7617779970169067,0.3960874080657959,-0.0743919387459755,0.633424699306488,0.5277761816978455,-0.0390197969973087,0.662916898727417,0.4509733915328979,-0.061411615461111,0.688973069190979,0.4103631973266601,-0.0760219618678093,0.7142574787139893,0.3771210610866546,-0.0853578075766563,0.6054984927177429,0.5367988348007202,-0.0537024810910224,0.6134602427482605,0.4706794023513794,-0.0746262520551681,0.6227681636810303,0.4330690503120422,-0.0841684490442276,0.6337341070175171,0.4016954600811004,-0.0900560617446899
0.5515792965888977,0.6772385239601135,2.1084865409193299e-07,0.6061639785766602,0.693483829498291,-0.0108344899490475,0.6625499129295349,0.6785368919372559,-0.0196496155112981,0.7066602110862732,0.6664022207260132,-0.0303739197552204,0.7427853345870972,0.662844181060791,-0.0428396984934806,0.6882213950157166,0.5907010436058044,-0.0147276185452938,0.7347497940063477,0.5518511533737183,-0.0362046249210834,0.7670820355415344,0.5312371253967285,-0.0536505244672298,0.7961384057998657,0.5188733339309692,-0.0659915432333946,0.675223171710968,0.56578528881073,-0.0250896904617548,0.7187772989273071,0.4990733861923218,-0.0436460748314857,0.7509684562683105,0.4606272578239441,-0.0599005967378616,0.7794796824455261,0.4298218190670013,-0.0717830657958984,0.6528444290161133,0.555435061454773,-0.0377505607903003,0.6885663270950317,0.4843281507492065,-0.0577261708676815,0.7150686383247375,0.4408453404903412,-0.072298377752304,0.7409522533416748,0.4045672118663788,-0.0824247673153877,0.6230219006538391,0.5579199194908142,-0.0513256937265396,0.6312418580055237,0.4956372380256653,-0.0712470635771751,0.6416112184524536,0.4572766721248626,-0.0809271037578582,0.6543527841567993,0.4242208003997803,-0.0871643871068954
0.560310423374176,0.6834614276885986,2.316521232614832e-07,0.612619936466217,0.703419029712677,-0.0102546447888016,0.6695733070373535,0.6935716867446899,-0.0183037221431732,0.7139710783958435,0.6874479651451111,-0.0280798692256212,0.750774621963501,0.6846498250961304,-0.0390529297292232,0.6958704590797424,0.6065468788146973,-0.013662832789123,0.7448691129684448,0.5709920525550842,-0.0339665822684764,0.7782601714134216,0.553436279296875,-0.0498488768935203,0.8087001442909241,0.5414928197860718,-0.0610831975936889,0.6846425533294678,0.5829182863235474,-0.0234772153198719,0.7333377003669739,0.5229108929634094,-0.0416392609477043,0.7680008411407471,0.4887448847293854,-0.0562539249658584,0.7979441285133362,0.4617353677749634,-0.0666030719876289,0.6647806763648987,0.5729644298553467,-0.0355754420161247,0.7038511037826538,0.506271243095398,-0.0540885031223297,0.7344108819961548,0.4672780036926269,-0.0667980089783668,0.7635183334350586,0.4358557462692261,-0.0756508260965347,0.6373873353004456,0.5753656029701233,-0.0487336441874504,0.6524034142494202,0.5171297788619995,-0.0671073123812675,0.6704517602920532,0.4818187355995178,-0.0762693956494331,0.691533088684082,0.4519280195236206,-0.0823353603482246
0.5720300078392029,0.697730302810669,2.390862334777921e-07,0.6199638247489929,0.7214657068252563,-0.0098302382975816,0.675359308719635,0.713936448097229,-0.0165725406259298,0.7187919616699219,0.7097302675247192,-0.0250579547137022,0.7547930479049683,0.7092112302780151,-0.0345137678086757,0.710644006729126,0.6283376812934875,-0.0095042763277888,0.758695125579834,0.6019524335861206,-0.0276967342942953,0.7910680770874023,0.5866273045539856,-0.0427459962666034,0.8203327059745789,0.5752260684967041,-0.0536481589078903,0.7014943957328796,0.6033704876899719,-0.0186181124299764,0.7529547214508057,0.554739236831665,-0.0350571721792221,0.7880591750144958,0.5283135771751404,-0.0485314726829528,0.81857830286026,0.5064560174942017,-0.0580859035253524,0.682362973690033,0.5910435318946838,-0.0301189552992582,0.7243009209632874,0.534745991230011,-0.0470175482332706,0.7549782991409302,0.500747561454773,-0.0581808611750602,0.7834248542785645,0.4722185134887695,-0.0658769607543945,0.6548547148704529,0.5897138118743896,-0.0428300574421882,0.6765339374542236,0.5405014753341675,-0.0589645318686962,0.6975496411323547,0.5093042850494385,-0.0666201561689376,0.7199628353118896,0.4814176559448242,-0.0717479437589645
0.572738766670227,0.6966570019721985,2.252344870612433e-07,0.6210461258888245,0.725205659866333,-0.0082657020539045,0.6774153113365173,0.7173852920532227,-0.0127902273088693,0.7203739881515503,0.7143890857696533,-0.0196095760911703,0.7557680606842041,0.7178091406822205,-0.0272637195885181,0.7136515974998474,0.6321017146110535,-0.0033016484230756,0.7628933191299438,0.6068778038024902,-0.0193661507219076,0.7953174114227295,0.5926375389099121,-0.033225629478693,0.82330721616745,0.5816308259963989,-0.0435545369982719,0.7052997946739197,0.6073618531227112,-0.0128351282328367,0.7572439908981323,0.5618570446968079,-0.0280713215470314,0.7936723232269287,0.5357669591903687,-0.0413137748837471,0.8236480355262756,0.5128210783004761,-0.0505827292799949,0.6866006255149841,0.5953645706176758,-0.0250717904418706,0.7315022349357605,0.5414451360702515,-0.041815772652626,0.7634226083755493,0.5095369219779968,-0.052850067615509,0.7919365763664246,0.4813423752784729,-0.0601621121168136,0.6594545245170593,0.5930341482162476,-0.0383717305958271,0.6836248636245728,0.5446922779083252,-0.0553461275994777,0.7068005800247192,0.5144922137260437,-0.0635166466236114,0.7305086851119995,0.4868104457855224,-0.0686960816383361
0.5723409652709961,0.6940199136734009,2.2147402489736126e-07,0.6216943860054016,0.7192806601524353,-0.0065072486177086,0.6779805421829224,0.7080833315849304,-0.0102006578817963,0.7224701046943665,0.7047592401504517,-0.0165393352508544,0.7583596110343933,0.704277515411377,-0.0239924360066652,0.712864100933075,0.6242964267730713,-0.0029971324838697,0.7613701224327087,0.596314013004303,-0.0191884972155094,0.7939586043357849,0.5819141864776611,-0.0332714989781379,0.8228626251220703,0.5711142420768738,-0.0439195334911346,0.7045369148254395,0.6015475988388062,-0.0138137377798557,0.7563319802284241,0.5529956817626953,-0.0291876830160617,0.7928699254989624,0.5264230966567993,-0.0429718866944313,0.8233963251113892,0.5039293766021729,-0.053113866597414,0.6852887868881226,0.5904163122177124,-0.0271473061293363,0.729370653629303,0.5342666506767273,-0.0437896437942981,0.7612514495849609,0.5011177062988281,-0.0554526001214981,0.7906420826911926,0.4725419282913208,-0.0637145116925239,0.6573255062103271,0.5888502597808838,-0.0414602793753147,0.6811190247535706,0.5393518209457397,-0.0586837232112884,0.7038425803184509,0.5091948509216309,-0.0674056038260459,0.7272747159004211,0.4816330671310425,-0.0733342319726944
0.5672622919082642,0.6906879544258118,1.9592813771396322e-07,0.6187198162078857,0.7102838754653931,-0.0051082866266369,0.6768409609794617,0.6967780590057373,-0.0089679053053259,0.7212468385696411,0.6913791298866272,-0.0156647339463233,0.7574712038040161,0.6899152398109436,-0.0236878469586372,0.7046956419944763,0.6128664612770081,-0.0045384988188743,0.7542638182640076,0.5780254602432251,-0.0212967190891504,0.7870069742202759,0.5631860494613647,-0.0352169796824455,0.8162969350814819,0.5533097386360168,-0.0454672425985336,0.6954773664474487,0.5936004519462585,-0.0161514822393655,0.7463560104370117,0.5392311811447144,-0.0318868644535541,0.7831782698631287,0.5098003149032593,-0.0463049411773681,0.8145469427108765,0.4845589995384216,-0.0571603700518608,0.6765275597572327,0.5850644111633301,-0.0299413837492465,0.7201938629150391,0.5264143943786621,-0.0461534820497036,0.7529376745223999,0.491085946559906,-0.0583846569061279,0.783253014087677,0.4607828259468078,-0.0674814283847808,0.6499819755554199,0.5857515335083008,-0.0445173755288124,0.6720738410949707,0.5323516726493835,-0.0612855292856693,0.693255603313446,0.4995118975639343,-0.0700358301401138,0.7146745324134827,0.4693021774291992,-0.0762439891695976
0.5617756247520447,0.6834966540336609,1.4351653021549282e-07,0.6164935827255249,0.6967486143112183,-0.0047177532687783,0.6738482713699341,0.6778069138526917,-0.0093796728178858,0.7148615121841431,0.6695993542671204,-0.0170518644154071,0.7498711943626404,0.6676352620124817,-0.0266739185899496,0.6961333751678467,0.5981887578964233,-0.0089013529941439,0.7455606460571289,0.5542787313461304,-0.0280376188457012,0.7800152897834778,0.5354362726211548,-0.0436761453747749,0.8105161190032959,0.5211287140846252,-0.0552765876054763,0.6827421188354492,0.5827684998512268,-0.021375248208642,0.7253954410552979,0.5205602049827576,-0.0399728044867515,0.7572022080421448,0.4830566942691803,-0.0567724220454692,0.7851208448410034,0.4493011832237243,-0.0697924792766571,0.6617612838745117,0.5774428844451904,-0.0358035825192928,0.6981964111328125,0.5178578495979309,-0.0545693822205066,0.7291088104248047,0.4809380173683166,-0.0682283192873001,0.7575991153717041,0.4479978084564209,-0.0784964635968208,0.6348274350166321,0.5801104307174683,-0.050857376307249,0.6527293920516968,0.5210893154144287,-0.0695743411779403,0.6713853478431702,0.4855938553810119,-0.0793578922748565,0.6901866793632507,0.4544345736503601,-0.0865173116326332
0.5570648908615112,0.6743283271789551,1.5756906179831279e-07,0.6138156652450562,0.6792401075363159,-0.0085781132802367,0.669876754283905,0.655656099319458,-0.014222334139049,0.7113522291183472,0.6423490047454834,-0.0216980557888746,0.7446638941764832,0.6340628266334534,-0.0306878723204135,0.6827079057693481,0.5746638178825378,-0.0108928084373474,0.7225012183189392,0.5302995443344116,-0.0300281234085559,0.750199556350708,0.5069660544395447,-0.0456351079046726,0.7745880484580994,0.4901089668273926,-0.0568602085113525,0.6682185530662537,0.5583198070526123,-0.0210292190313339,0.7066065073013306,0.4938844740390777,-0.04014852643013,0.7361469268798828,0.454423725605011,-0.0575066432356834,0.7631016969680786,0.4207366406917572,-0.0703122317790985,0.6461488008499146,0.5541591048240662,-0.0332332774996757,0.6780504584312439,0.4937236905097961,-0.0529529601335525,0.7033534646034241,0.4566441476345062,-0.0680748224258422,0.7281665205955505,0.4249931573867798,-0.0787824988365173,0.6179633140563965,0.5615928173065186,-0.0461946316063404,0.6278091073036194,0.50551438331604,-0.0650673732161521,0.6381354928016663,0.4711242914199829,-0.0752830803394317,0.6497960090637207,0.4410293102264404,-0.0823534727096557
0.5361383557319641,0.6569074988365173,1.0683708495662358e-07,0.5912004709243774,0.6482263803482056,-0.0100187249481678,0.6497825384140015,0.601173460483551,-0.0122088324278593,0.6926287412643433,0.5739949345588684,-0.0160744991153478,0.7236889600753784,0.5553756952285767,-0.0215663965791463,0.6395699977874756,0.5121870040893555,-0.0075357058085501,0.6640638709068298,0.4558611214160919,-0.0225006006658077,0.6824890375137329,0.4277294278144836,-0.0368321277201175,0.700300931930542,0.4046433568000793,-0.0488333217799663,0.62016361951828,0.4980548024177551,-0.0162693783640861,0.6385154128074646,0.4249287843704223,-0.0330716371536254,0.6587987542152405,0.382432222366333,-0.0510199330747127,0.6782195568084717,0.3440411686897278,-0.0656890943646431,0.5973634123802185,0.4995979964733124,-0.0274520106613636,0.6073606014251709,0.4250735640525818,-0.0459986478090286,0.6200240254402161,0.3815490007400512,-0.063002735376358,0.633155882358551,0.3445771932601928,-0.0761248469352722,0.5727890729904175,0.5164618492126465,-0.039863109588623,0.5689119100570679,0.4550458192825317,-0.0600122287869453,0.5671713352203369,0.413049578666687,-0.0740206763148307,0.5689915418624878,0.3739975690841675,-0.0847728103399276
0.5185331702232361,0.6425092816352844,3.060495146200992e-07,0.5743313431739807,0.6215893626213074,-0.0161690097302198,0.6241839528083801,0.5725796222686768,-0.0246006678789854,0.6620625853538513,0.5342134237289429,-0.032951395958662,0.6965619921684265,0.5100325345993042,-0.0428830198943614,0.6088018417358398,0.4853109717369079,-0.0212175454944372,0.6308663487434387,0.4241534769535064,-0.0398122295737266,0.6474272608757019,0.3890964388847351,-0.0542539060115814,0.6635948419570923,0.359458863735199,-0.0649580657482147,0.5834159851074219,0.4781066179275512,-0.0276594627648592,0.6000714898109436,0.4001957774162292,-0.0453738234937191,0.6144788861274719,0.352897047996521,-0.0613218881189823,0.6281828880310059,0.3122615218162536,-0.0732273682951927,0.5563159584999084,0.4920254945755005,-0.0359643585979938,0.5598353743553162,0.4187102913856506,-0.0562189929187297,0.5663175582885742,0.3823645710945129,-0.0704675763845443,0.5759550333023071,0.352551132440567,-0.0804017037153244,0.5278689861297607,0.5204590559005737,-0.0454145334661006,0.5235430002212524,0.4767490029335022,-0.0659394189715385,0.5273968577384949,0.4649780690670013,-0.0753034278750419,0.5345143675804138,0.4573284983634949,-0.0810670554637909
0.50722336769104,0.6384588479995728,3.245231425808015e-07,0.556919515132904,0.6106507182121277,-0.0243025254458189,0.5984618663787842,0.5548378825187683,-0.036703560501337,0.6284006834030151,0.5113428831100464,-0.047530997544527,0.652148962020874,0.4743351638317108,-0.060839869081974,0.5753068327903748,0.4668836891651153,-0.0349543131887912,0.5936428904533386,0.4019684791564941,-0.0608759522438049,0.6089838147163391,0.3615895807743072,-0.0818462967872619,0.6208783388137817,0.3279945850372314,-0.0965687856078147,0.5476303100585938,0.4619343876838684,-0.0402263961732387,0.5511676073074341,0.3808691501617431,-0.0633728876709938,0.5539771914482117,0.3266822099685669,-0.083777979016304,0.5557273626327515,0.2799952626228332,-0.0986977517604827,0.520038366317749,0.4808677732944488,-0.0477393977344036,0.5219370126724243,0.4082008600234985,-0.0725593864917755,0.5279054045677185,0.3668858706951141,-0.0903012081980705,0.5365632772445679,0.3305689096450805,-0.1029130518436431,0.4923867583274841,0.5177962779998779,-0.0567711219191551,0.480926364660263,0.4826209545135498,-0.0815731137990951,0.4813480377197265,0.4699679911136627,-0.091963991522789,0.4851454198360443,0.4612357020378113,-0.0981758013367652
0.46907639503479,0.6425690650939941,2.9650064448105695e-07,0.5177993774414062,0.6066958904266357,-0.0297158248722553,0.5545626282691956,0.5326598286628723,-0.0426201224327087,0.5778790712356567,0.4754720628261566,-0.0530216172337532,0.5935715436935425,0.4281637370586395,-0.0649171099066734,0.5103855729103088,0.4542763829231262,-0.0347165241837501,0.5169015526771545,0.3715473413467407,-0.0566739477217197,0.5240500569343567,0.3154418468475342,-0.0742058679461479,0.5280956625938416,0.2668989300727844,-0.088206335902214,0.477466344833374,0.4614333510398865,-0.0339647978544235,0.4673280119895935,0.4000991582870483,-0.0571932941675186,0.4717697501182556,0.3975977599620819,-0.0704402923583984,0.4739867448806762,0.3935697674751282,-0.0800028145313263,0.4472366571426391,0.4863224625587463,-0.0360097624361515,0.4345212578773498,0.4368692338466644,-0.0575063079595565,0.440623939037323,0.441226989030838,-0.0577911920845508,0.4457826316356659,0.4430305957794189,-0.0577230043709278,0.41928631067276,0.5240025520324707,-0.0412157513201236,0.4059350490570068,0.4850192964076996,-0.0586920194327831,0.4096040725708008,0.4880188405513763,-0.0573905743658542,0.4125382304191589,0.4923841059207916,-0.0554025247693061
0.4545474052429199,0.6422827839851379,4.68956216082006e-07,0.4985600411891937,0.592903733253479,-0.0335512124001979,0.5256134271621704,0.5155047178268433,-0.0477108433842659,0.5373440980911255,0.451625108718872,-0.0581481605768203,0.551008939743042,0.4042893648147583,-0.0704902932047844,0.469902902841568,0.4462353885173797,-0.0459786355495452,0.4722020626068115,0.3721737861633301,-0.0707807391881942,0.470460832118988,0.32355797290802,-0.0896665230393409,0.4675285220146179,0.2805249691009521,-0.1041604429483413,0.429311066865921,0.4517567157745361,-0.0479916371405124,0.4094514846801758,0.358514130115509,-0.0704485103487968,0.3959667086601257,0.3018903732299804,-0.0915082246065139,0.3825483918190002,0.2537118196487427,-0.108007401227951,0.3972276151180267,0.481780081987381,-0.0524747781455516,0.3655669689178467,0.4041946530342102,-0.0775972455739975,0.3459427952766418,0.3554463386535644,-0.0995809584856033,0.3309316039085388,0.3126327693462372,-0.1158200800418853,0.3718584775924682,0.5318800806999207,-0.0590304397046566,0.3352589011192322,0.4947093725204468,-0.0845700874924659,0.3100153803825378,0.473194420337677,-0.0997951403260231,0.2894217073917389,0.450255274772644,-0.1104246005415916
0.4262228906154632,0.6595242023468018,5.248966203907912e-07,0.4688490033149719,0.6018385887145996,-0.0346156433224678,0.490895003080368,0.5253446698188782,-0.0506520792841911,0.491610050201416,0.4609810411930084,-0.0629440248012542,0.4961062371730804,0.4104384183883667,-0.0760848969221115,0.4226666688919067,0.4608848094940185,-0.0487866923213005,0.4114058911800384,0.3736577928066253,-0.0732055157423019,0.4018598198890686,0.3197380602359772,-0.0897939354181289,0.3892595171928406,0.2707670331001282,-0.1023617982864379,0.3791414201259613,0.4765867292881012,-0.0498418398201465,0.3464678525924682,0.3811462521553039,-0.0731709524989128,0.3235304057598114,0.32364222407341,-0.0923624262213707,0.2997865676879883,0.2745201587677002,-0.1065834313631057,0.3486752510070801,0.5125970840454102,-0.0531860142946243,0.3014785051345825,0.4435232281684875,-0.0781439617276191,0.2680866122245788,0.398164302110672,-0.0968430787324905,0.2392872124910354,0.3580355048179626,-0.1096441596746444,0.3283267617225647,0.5654016733169556,-0.0588892102241516,0.2823524475097656,0.5278927087783813,-0.0829999297857284,0.2512047290802002,0.50698322057724,-0.0956177711486816,0.2237236648797989,0.4832458198070526,-0.10360948741436
0.4183339476585388,0.6603201031684875,5.180946232030692e-07,0.4627109169960022,0.6048664450645447,-0.041881401091814,0.4810236096382141,0.5293258428573608,-0.064453400671482,0.4774171710014343,0.464279443025589,-0.0820275247097015,0.4828125238418579,0.4067897796630859,-0.1004382446408271,0.410071462392807,0.4667389094829559,-0.0649621561169624,0.3945677578449249,0.3798640370368957,-0.0965740978717804,0.3810946643352508,0.3241076171398163,-0.1164396256208419,0.3648982942104339,0.2743849158287048,-0.1308261603116989,0.363872766494751,0.4842775464057922,-0.0639330521225929,0.3269537687301636,0.392644852399826,-0.0938141271471977,0.3018546998500824,0.3357526659965515,-0.113612987101078,0.2767171263694763,0.2856257259845733,-0.1279635727405548,0.3314248919486999,0.5227767825126648,-0.0655626505613327,0.2807659804821014,0.4562166929244995,-0.0964597836136818,0.24644236266613,0.4110308587551117,-0.1155885830521583,0.2172260284423828,0.3697980642318725,-0.1283003836870193,0.3107300698757171,0.5761575698852539,-0.069876842200756,0.261164903640747,0.5402436852455139,-0.0994858816266059,0.2283940911293029,0.520076334476471,-0.1140516698360443,0.1992725580930709,0.4969879388809204,-0.1230631545186042
0.4160853624343872,0.6610126495361328,5.65121865747642e-07,0.4596335589885711,0.6077431440353394,-0.0493829883635044,0.4767742156982422,0.5373256206512451,-0.078244499862194,0.4722319543361664,0.4739905893802643,-0.1010153368115425,0.475753903388977,0.4112717509269714,-0.1248441860079765,0.4030504524707794,0.47062748670578,-0.0770638585090637,0.38503298163414,0.3850180208683014,-0.1144226342439651,0.3698427081108093,0.3291779458522796,-0.1383158862590789,0.3513847887516022,0.2781304121017456,-0.1554460823535919,0.3575211465358734,0.4890693128108978,-0.0745459422469139,0.317399263381958,0.3995676338672638,-0.1108049675822258,0.2881515622138977,0.3435035943984985,-0.1345933973789215,0.2570061385631561,0.2928768992424011,-0.1513264924287796,0.3262839317321777,0.528746485710144,-0.0749648585915565,0.272123634815216,0.4662196934223175,-0.1115225851535797,0.2346587777137756,0.4229252934455871,-0.1330224126577377,0.2007769793272018,0.3811848163604736,-0.146821454167366,0.3074017167091369,0.5814138650894165,-0.0784489214420318,0.2560777366161346,0.5454537868499756,-0.1120654568076133,0.2228535413742065,0.5241794586181641,-0.1282130777835846,0.1918893605470657,0.4994017779827118,-0.1381788253784179
0.4173398613929748,0.6579601764678955,5.580475885835767e-07,0.4601176083087921,0.6060847043991089,-0.0462061539292335,0.4795590043067932,0.5349635481834412,-0.0738270729780197,0.4790591299533844,0.4701607227325439,-0.0957884341478347,0.4826059937477112,0.408290684223175,-0.1189134046435356,0.4059756100177765,0.4661498963832855,-0.0739873796701431,0.3892227113246918,0.3799394965171814,-0.111342042684555,0.3739396929740906,0.3248471617698669,-0.1356117278337478,0.3550048172473907,0.2748389840126037,-0.1526493728160858,0.3596537709236145,0.4835450649261474,-0.0725342854857444,0.3194075524806976,0.3939286470413208,-0.1076767221093177,0.2913509011268616,0.3372811675071716,-0.1304709613323211,0.2610187828540802,0.285836398601532,-0.146264374256134,0.3285573124885559,0.522611677646637,-0.0738177597522735,0.2758521437644958,0.4578143656253814,-0.108831875026226,0.238869160413742,0.4144039452075958,-0.1287954151630401,0.2052643001079559,0.3733522593975067,-0.1413352340459823,0.3105542063713074,0.5754496455192566,-0.077956274151802,0.2599897086620331,0.5398203730583191,-0.1105153262615203,0.2265036702156067,0.5189989805221558,-0.1250426471233368,0.1952996701002121,0.494896799325943,-0.1334294527769088
0.4298567771911621,0.6532531976699829,4.764121683820122e-07,0.4732893109321594,0.5997176170349121,-0.0323830358684062,0.4953595399856567,0.5248754620552063,-0.0513134039938449,0.4976268410682678,0.4603484869003296,-0.0677004009485244,0.5032332539558411,0.4062522649765014,-0.0856394991278648,0.4261288940906524,0.4563689231872558,-0.052476342767477,0.412675142288208,0.3674599230289459,-0.0817943662405014,0.4003771245479584,0.3132829070091247,-0.100701667368412,0.3850982189178467,0.2647748589515686,-0.1140023544430732,0.3811679780483246,0.4707879424095154,-0.0553172789514064,0.3476752042770386,0.3776437938213348,-0.0822679102420806,0.3234753608703613,0.3191359639167785,-0.1004200503230094,0.2973764538764953,0.2691457271575928,-0.1131512969732284,0.3489153683185577,0.5064359307289124,-0.0604488179087638,0.3014561533927917,0.4353021383285522,-0.0873803570866584,0.2673460841178894,0.3896669149398803,-0.1038640886545181,0.2370650321245193,0.3487065136432647,-0.1145025640726089,0.3275264799594879,0.5569841265678406,-0.0677374452352523,0.2782696485519409,0.5185511112213135,-0.0935920476913452,0.2468032836914062,0.4938403367996216,-0.1052658036351203,0.2194905430078506,0.4666720032691955,-0.1119395270943641
0.4364105463027954,0.6481057405471802,4.4157837919556187e-07,0.4836171567440033,0.596066951751709,-0.0314540974795818,0.5083484053611755,0.5211918950080872,-0.0491546913981437,0.5127346515655518,0.4559808075428009,-0.0641829892992973,0.5218793153762817,0.4023874402046203,-0.0806904509663581,0.4442231357097626,0.4492160081863403,-0.05001125857234,0.4340282082557678,0.3588636517524719,-0.0776412263512611,0.4233834743499756,0.303983211517334,-0.0954135209321975,0.4099564850330353,0.2547110617160797,-0.1082706972956657,0.3998921513557434,0.4608444571495056,-0.0528462678194046,0.3702565729618072,0.3661704063415527,-0.0786987096071243,0.3479953110218048,0.3067183494567871,-0.0966147109866142,0.3240679204463959,0.2557171583175659,-0.1095555126667022,0.3669463396072387,0.4943045675754547,-0.057895690202713,0.3243046402931213,0.4196111261844635,-0.0843529775738716,0.292775809764862,0.3717854619026184,-0.1011025309562683,0.265094131231308,0.3287757039070129,-0.1122010052204132,0.3434551358222961,0.5432230830192566,-0.0649942532181739,0.2958871722221374,0.5017160177230835,-0.0915316715836525,0.2650528848171234,0.4758608043193817,-0.1039367765188217,0.2388435006141662,0.4475992023944855,-0.1111803278326988
0.4558701515197754,0.6307405233383179,4.569025975342811e-07,0.5085625648498535,0.5899419784545898,-0.0308616142719984,0.5416316390037537,0.5157815217971802,-0.0472261644899845,0.5540012121200562,0.4493427276611328,-0.0611657910048961,0.5733709931373596,0.4007189273834228,-0.0761294513940811,0.4855871200561523,0.440502405166626,-0.043603703379631,0.4877506792545318,0.3551614582538605,-0.0700881108641624,0.4880342483520508,0.3006591796875,-0.087457500398159,0.48682302236557,0.2541739046573639,-0.0992507636547088,0.4432046413421631,0.4383985698223114,-0.0456604808568954,0.4251130819320678,0.3383892178535461,-0.0696416795253753,0.4131776690483093,0.2766767740249634,-0.085661843419075,0.4001010358333587,0.2250520884990692,-0.0964676290750503,0.4087239503860473,0.4594892859458923,-0.0503865107893943,0.3774731755256653,0.3765202164649963,-0.0748945698142051,0.3553889393806457,0.3254183530807495,-0.0903199389576911,0.3367733061313629,0.2800426483154297,-0.100043773651123,0.3805035650730133,0.5002877712249756,-0.0573408417403698,0.3436996638774872,0.4508053958415985,-0.0802424401044845,0.3194591104984283,0.420181542634964,-0.0901195779442787,0.2986418306827545,0.3883709609508514,-0.0958013236522674
0.4738189578056335,0.6271528005599976,4.228234331549175e-07,0.5282885432243347,0.5877386927604675,-0.030350062996149,0.5640043020248413,0.5169644355773926,-0.0474948585033416,0.5819384455680847,0.4506128430366516,-0.0629616156220436,0.6056586503982544,0.4032299518585205,-0.0802206471562385,0.5169157981872559,0.4397878348827362,-0.0467603988945484,0.5226090550422668,0.3488323986530304,-0.0764268934726715,0.5262018442153931,0.288506805896759,-0.0963791981339454,0.526864767074585,0.2345777750015258,-0.1101220473647117,0.4750635027885437,0.4348105788230896,-0.0496395528316497,0.4635534584522247,0.3380089998245239,-0.0768784955143928,0.4539394676685333,0.2723285555839538,-0.0956776142120361,0.4412625432014465,0.2155267596244812,-0.1089873686432838,0.4382474720478058,0.4508808255195617,-0.0550805553793907,0.4137060046195984,0.3674551248550415,-0.0809715613722801,0.3967160880565643,0.311329185962677,-0.0970813184976577,0.3810963332653045,0.2624585032463074,-0.1078008711338043,0.4068441987037658,0.4821077883243561,-0.062899462878704,0.3735971450805664,0.424595832824707,-0.0862107127904892,0.3521309494972229,0.3923411667346954,-0.0968622118234634,0.3336737751960754,0.3641045689582824,-0.1033547520637512
0.5004021525382996,0.6256283521652222,3.1743599038236425e-07,0.5540658235549927,0.5980965495109558,-0.0268498100340366,0.5976905822753906,0.537009596824646,-0.0417543426156044,0.6252313256263733,0.4825217723846435,-0.0556364208459854,0.6508116722106934,0.4418316483497619,-0.070465549826622,0.5799798965454102,0.4396875500679016,-0.0353704988956451,0.6008189916610718,0.3642736375331878,-0.0621534809470176,0.6117516160011292,0.317613273859024,-0.0828133970499038,0.6205134391784668,0.2759778499603271,-0.0967360585927963,0.5457056760787964,0.4271999001502991,-0.0403009206056594,0.5492477416992188,0.3375134170055389,-0.0637117102742195,0.5478673577308655,0.2755703032016754,-0.0831172540783882,0.5445719361305237,0.2229340374469757,-0.0977532342076301,0.5111452341079712,0.4377745985984802,-0.0482654385268688,0.5138421654701233,0.3664398491382599,-0.0724564418196678,0.5184376239776611,0.3320251107215881,-0.0873929187655448,0.521781325340271,0.3052679002285003,-0.0972118973731994,0.4753543436527252,0.4669957458972931,-0.0586576387286186,0.455444186925888,0.4138995409011841,-0.0789591446518898,0.4414770603179931,0.3811016082763672,-0.0871513336896896,0.4295143783092499,0.3516302108764648,-0.0927813500165939
0.5203935503959656,0.6318691968917847,1.7447943889692397e-07,0.5769838094711304,0.6081214547157288,-0.0181179456412792,0.6235418915748596,0.5554772615432739,-0.0279430970549583,0.656199038028717,0.509490430355072,-0.0385103523731231,0.684016764163971,0.4763735830783844,-0.0504853576421737,0.6080074310302734,0.4569073617458343,-0.0157941710203886,0.6303318738937378,0.3923651874065399,-0.0358674451708793,0.6435737609863281,0.3572315573692322,-0.0530900731682777,0.6555800437927246,0.3275523781776428,-0.0653261840343475,0.5774516463279724,0.4419613480567932,-0.0211456883698701,0.5884395837783813,0.3642785251140594,-0.0395097881555557,0.5947291851043701,0.3199018836021423,-0.0568314269185066,0.5993526577949524,0.2836779356002807,-0.0692707896232605,0.5470798015594482,0.4453134536743164,-0.0293405782431364,0.5504137277603149,0.3721323013305664,-0.0477588921785354,0.5518569946289062,0.3271568119525909,-0.0610962100327014,0.5548538565635681,0.2889679074287414,-0.0704275369644165,0.5165213346481323,0.4633682370185852,-0.0392760187387466,0.5090145468711853,0.4078108966350555,-0.0555929243564605,0.5068342089653015,0.3759712278842926,-0.0625875443220138,0.5065507292747498,0.3491408228874206,-0.0669256374239921
0.5405013561248779,0.6381645202636719,2.882720195884758e-07,0.599822998046875,0.6314775943756104,-0.0140206608921289,0.6546883583068848,0.5942170023918152,-0.0235097669064998,0.696078896522522,0.5642591118812561,-0.0345090292394161,0.7330058217048645,0.5493113398551941,-0.0467346869409084,0.6636779308319092,0.4939005672931671,-0.0120920585468411,0.7131204009056091,0.4477920234203338,-0.0327655188739299,0.7464801669120789,0.4216585755348205,-0.0504294373095035,0.7758327722549438,0.401997447013855,-0.062864676117897,0.6403157711029053,0.474225789308548,-0.0192330572754144,0.6637012362480164,0.4069461524486542,-0.0359845645725727,0.6778934597969055,0.3675582110881805,-0.0511186681687831,0.6898877620697021,0.3342297673225403,-0.0622183047235012,0.6118942499160767,0.4736294150352478,-0.0291239321231842,0.6263396739959717,0.4079911112785339,-0.0463808700442314,0.6370810270309448,0.3720211386680603,-0.0561739094555377,0.6496162414550781,0.3402411937713623,-0.0630334317684173,0.5804283618927002,0.4892182946205139,-0.0407615378499031,0.5753451585769653,0.4429051578044891,-0.0563786700367927,0.5773481130599976,0.4239699244499206,-0.0604370385408401,0.5827263593673706,0.4084101617336273,-0.0622859001159668
0.5622513294219971,0.6478320956230164,1.842039836219556e-07,0.6187771558761597,0.650302529335022,-0.0083135133609175,0.6712232232093811,0.6212096810340881,-0.0144790848717093,0.7120612859725952,0.5975952744483948,-0.0229049585759639,0.7451184391975403,0.5815750956535339,-0.0332027673721313,0.6788421273231506,0.5282506942749023,-0.0068657682277262,0.7125712633132935,0.4959175586700439,-0.0277853664010763,0.7378319501876831,0.4773256480693817,-0.046284232288599,0.761664628982544,0.4633181989192962,-0.0594631023705005,0.6649888157844543,0.5030362606048584,-0.0186882447451353,0.7015995383262634,0.4292860627174377,-0.0378609895706176,0.7330266833305359,0.3881610333919525,-0.0548802427947521,0.7624621391296387,0.354706734418869,-0.0665657892823219,0.642907977104187,0.4975772500038147,-0.0330424904823303,0.6701154708862305,0.4210641980171203,-0.0547850541770458,0.6946264505386353,0.3778700828552246,-0.0694831684231758,0.7202642560005188,0.3405789136886596,-0.0788121148943901,0.6150279641151428,0.5086230635643005,-0.0480421967804431,0.6185921430587769,0.4480140507221222,-0.0685440450906753,0.6290645003318787,0.4109175503253937,-0.0771251618862152,0.6432603001594543,0.3781274557113647,-0.082328476011753
0.5816367864608765,0.6702296137809753,2.3261526393980605e-07,0.6374375820159912,0.6803433895111084,-0.0026960044633597,0.6876606941223145,0.6594456434249878,-0.0084109082818031,0.72657710313797,0.6456441879272461,-0.0178685579448938,0.7622722387313843,0.6392115950584412,-0.0293174255639314,0.7109475135803223,0.5671350955963135,-0.0027723396196961,0.7600979804992676,0.5445289015769958,-0.0237750131636858,0.7948173880577087,0.5347043871879578,-0.0414740294218063,0.8261955976486206,0.5303858518600464,-0.0539028905332088,0.7003833651542664,0.5468643307685852,-0.0169904492795467,0.7438531517982483,0.4830957651138305,-0.0352981351315975,0.7781081199645996,0.4488919973373413,-0.0513685084879398,0.8078876733779907,0.420872688293457,-0.0630858018994331,0.679448664188385,0.5428361892700195,-0.033661562949419,0.7141453623771667,0.4691519439220428,-0.053831547498703,0.7427852749824524,0.4276623427867889,-0.0676701888442039,0.7705107927322388,0.3911680281162262,-0.0771351680159568,0.6519927382469177,0.5516034364700317,-0.050585102289915,0.6678628325462341,0.4926844835281372,-0.0704768523573875,0.6865075826644897,0.4569990038871765,-0.0793538317084312,0.706977128982544,0.4238390028476715,-0.0852429047226905
0.5875970125198364,0.6734344959259033,2.059248771502098e-07,0.6405426859855652,0.6914350986480713,-0.0022094580344855,0.692057192325592,0.6766936779022217,-0.005991643294692,0.7310093641281128,0.6664628386497498,-0.0131616489961743,0.7652615308761597,0.6623638868331909,-0.0217200852930545,0.7175002694129944,0.5902731418609619,-0.0011984747834503,0.7653800845146179,0.5704589486122131,-0.0193367321044206,0.7988754510879517,0.5626786947250366,-0.0347121730446815,0.828136682510376,0.5585318803787231,-0.045298833400011,0.7093799114227295,0.5679645538330078,-0.0139518370851874,0.7579832077026367,0.5094196796417236,-0.0289947390556335,0.7930868864059448,0.48031947016716,-0.0422125309705734,0.8221458196640015,0.4572781324386596,-0.0516412779688835,0.6915645003318787,0.5599875450134277,-0.0288267619907856,0.727547287940979,0.4944100677967071,-0.0450026355683803,0.7571166157722473,0.4564499258995056,-0.0560328140854835,0.7846593260765076,0.4237726926803589,-0.0637210011482238,0.6671404838562012,0.5647774338722229,-0.0441930815577507,0.685153067111969,0.5104189515113831,-0.0599564015865325,0.705079197883606,0.4762953519821167,-0.0667189136147499,0.7262226939201355,0.4451515078544616,-0.0712695494294166
0.5901398062705994,0.6857055425643921,1.84363784683228e-07,0.639811098575592,0.7097760438919067,-0.0031706460285931,0.6930662393569946,0.6981202960014343,-0.0062816645950078,0.7327786684036255,0.6894435286521912,-0.0125124491751194,0.7666195034980774,0.6907867193222046,-0.0202117729932069,0.7267425060272217,0.6181286573410034,-0.0021006646566092,0.7777611017227173,0.6020882725715637,-0.0191419571638107,0.8126260638237,0.5951329469680786,-0.0337858535349369,0.8431810140609741,0.5905520915985107,-0.0443282611668109,0.7195172309875488,0.5946894288063049,-0.0138800786808133,0.7711180448532104,0.5465407967567444,-0.0286140423268079,0.8057136535644531,0.5219224095344543,-0.0415267162024974,0.8342500925064087,0.5009766221046448,-0.0508548840880394,0.7022729516029358,0.5843645334243774,-0.0276499949395656,0.7441775798797607,0.5280186533927917,-0.0432142317295074,0.7748044729232788,0.4935930967330932,-0.0537168085575103,0.8025283217430115,0.4629323780536651,-0.0611333809792995,0.6776270866394043,0.5853513479232788,-0.0420772694051265,0.7010361552238464,0.5349093079566956,-0.0575692988932132,0.7233500480651855,0.5034599304199219,-0.0645917579531669,0.7465608716011047,0.4748590886592865,-0.0693128556013107
0.5924417972564697,0.69117671251297,2.031715382599941e-07,0.641194224357605,0.7147715091705322,-0.0036248266696929,0.6943935751914978,0.7026829123497009,-0.0062593985348939,0.7344540953636169,0.6967105865478516,-0.0119780357927083,0.7687894105911255,0.6998809576034546,-0.0186850745230913,0.7263849377632141,0.6228141188621521,0.0011544546578079,0.7753525376319885,0.6051161289215088,-0.0150802033022046,0.8096327781677246,0.5997927784919739,-0.0291125830262899,0.8396350145339966,0.5971798896789551,-0.0391754955053329,0.7200355529785156,0.6008449196815491,-0.0099169155582785,0.7709078788757324,0.5546097159385681,-0.0241810549050569,0.8073500990867615,0.5307952761650085,-0.0364398434758186,0.8377007246017456,0.5103381872177124,-0.0452477000653743,0.704104483127594,0.5908868312835693,-0.0235559865832328,0.7468327283859253,0.5353196263313293,-0.0392119362950325,0.7787127494812012,0.5031605958938599,-0.0494622103869915,0.8072822093963623,0.4749709367752075,-0.0564118847250938,0.6804606318473816,0.590461015701294,-0.0379517674446105,0.7042388319969177,0.5394275188446045,-0.0536248236894607,0.7275115847587585,0.5083476305007935,-0.0610573291778564,0.7509104013442993,0.4799856841564178,-0.0659889727830886
0.5929186344146729,0.6943130493164062,2.046436549107966e-07,0.6413919925689697,0.7191429734230042,-0.0033011941704899,0.695136308670044,0.704662561416626,-0.0051122549921274,0.7350857257843018,0.6987378001213074,-0.0099118612706661,0.768186628818512,0.7016159296035767,-0.0158588718622922,0.7260374426841736,0.6258789300918579,0.0005518447142094,0.7756758332252502,0.6085568070411682,-0.0150731950998306,0.8099217414855957,0.601252555847168,-0.0283331591635942,0.8395521640777588,0.596828043460846,-0.0381113328039646,0.7193318009376526,0.6052167415618896,-0.0107188457623124,0.7708045244216919,0.5603097677230835,-0.025518212467432,0.8074136972427368,0.5358362197875977,-0.0380005985498428,0.8378897309303284,0.5146973133087158,-0.0467915423214435,0.7029675841331482,0.5964189767837524,-0.0244253613054752,0.7470554709434509,0.5417558550834656,-0.0411023199558258,0.7795701026916504,0.5095424056053162,-0.0523621551692485,0.8088378310203552,0.4810888171195984,-0.0598734356462955,0.6791136860847473,0.5970039367675781,-0.0386873520910739,0.7029963135719299,0.5472253561019897,-0.0559393726289272,0.726302444934845,0.5166912078857422,-0.0647269263863563,0.7498994469642639,0.4888345003128052,-0.0705413818359375
0.5944518446922302,0.6959274411201477,2.18449969224821e-07,0.6429016590118408,0.7200700044631958,-0.0040637510828673,0.6952286958694458,0.7057285904884338,-0.0068385400809347,0.7351665496826172,0.6990976333618164,-0.0125421741977334,0.7692042589187622,0.7006484866142273,-0.0193961840122938,0.7264692187309265,0.6266841292381287,-0.0001320609881076,0.7762652635574341,0.6064793467521667,-0.0159640945494174,0.8102465867996216,0.5977289080619812,-0.0293991453945636,0.8398516178131104,0.5923900008201599,-0.0392508842051029,0.719330370426178,0.6066182255744934,-0.0111773982644081,0.7703734636306763,0.5603593587875366,-0.0261213909834623,0.8064963221549988,0.5349681973457336,-0.0389013923704624,0.8368626236915588,0.5130451917648315,-0.0479084327816963,0.7026506662368774,0.5980668663978577,-0.0246845055371522,0.7463461756706238,0.543156623840332,-0.0412493161857128,0.7783999443054199,0.5097805857658386,-0.0523973926901817,0.8076308369636536,0.4802377223968506,-0.0598210245370864,0.6784811615943909,0.5985941886901855,-0.0388019904494285,0.7020382285118103,0.5482337474822998,-0.0555853508412838,0.7248395681381226,0.5173932909965515,-0.0638728886842727,0.7482426762580872,0.4888855814933777,-0.069296196103096
0.5936902165412903,0.6969236731529236,2.3535508830718757e-07,0.642659068107605,0.7195321321487427,-0.004191764164716,0.6947211623191833,0.7048647403717041,-0.0074724177829921,0.7348757982254028,0.6984539031982422,-0.0137026226148009,0.7694492936134338,0.6977704763412476,-0.0211635772138834,0.7251423597335815,0.6252424120903015,-0.0018289127619937,0.7752091288566589,0.6040119528770447,-0.0186436772346496,0.8100810647010803,0.5949270725250244,-0.0327915884554386,0.8408002853393555,0.5888523459434509,-0.0430724993348121,0.7178460955619812,0.6053266525268555,-0.0131997922435402,0.7690706849098206,0.5587353110313416,-0.0287341140210628,0.8058158159255981,0.532477617263794,-0.0418651252985,0.8365503549575806,0.509659469127655,-0.0511883907020092,0.700966477394104,0.5970489382743835,-0.0269604381173849,0.7446942329406738,0.5416389107704163,-0.0438125617802143,0.7768431901931763,0.508410632610321,-0.0548010990023613,0.8058413863182068,0.4792415499687195,-0.0621732883155345,0.676609992980957,0.5982069969177246,-0.0413832664489746,0.7001445889472961,0.5485754609107971,-0.0583444498479366,0.7229490280151367,0.5182569026947021,-0.066467098891735,0.7460426092147827,0.4903212785720825,-0.0717696771025657
0.0,0.0,0.0,0.0,0.0,0.0,0.0,0.0,0.0,0.0,0.0,0.0,0.0,0.0,0.0,0.0,0.0,0.0,0.0,0.0,0.0,0.0,0.0,0.0,0.0,0.0,0.0,0.0,0.0,0.0,0.0,0.0,0.0,0.0,0.0,0.0,0.0,0.0,0.0,0.0,0.0,0.0,0.0,0.0,0.0,0.0,0.0,0.0,0.0,0.0,0.0,0.0,0.0,0.0,0.0,0.0,0.0,0.0,0.0,0.0,0.0,0.0,0.0
0.0,0.0,0.0,0.0,0.0,0.0,0.0,0.0,0.0,0.0,0.0,0.0,0.0,0.0,0.0,0.0,0.0,0.0,0.0,0.0,0.0,0.0,0.0,0.0,0.0,0.0,0.0,0.0,0.0,0.0,0.0,0.0,0.0,0.0,0.0,0.0,0.0,0.0,0.0,0.0,0.0,0.0,0.0,0.0,0.0,0.0,0.0,0.0,0.0,0.0,0.0,0.0,0.0,0.0,0.0,0.0,0.0,0.0,0.0,0.0,0.0,0.0,0.0
0.0,0.0,0.0,0.0,0.0,0.0,0.0,0.0,0.0,0.0,0.0,0.0,0.0,0.0,0.0,0.0,0.0,0.0,0.0,0.0,0.0,0.0,0.0,0.0,0.0,0.0,0.0,0.0,0.0,0.0,0.0,0.0,0.0,0.0,0.0,0.0,0.0,0.0,0.0,0.0,0.0,0.0,0.0,0.0,0.0,0.0,0.0,0.0,0.0,0.0,0.0,0.0,0.0,0.0,0.0,0.0,0.0,0.0,0.0,0.0,0.0,0.0,0.0
0.0,0.0,0.0,0.0,0.0,0.0,0.0,0.0,0.0,0.0,0.0,0.0,0.0,0.0,0.0,0.0,0.0,0.0,0.0,0.0,0.0,0.0,0.0,0.0,0.0,0.0,0.0,0.0,0.0,0.0,0.0,0.0,0.0,0.0,0.0,0.0,0.0,0.0,0.0,0.0,0.0,0.0,0.0,0.0,0.0,0.0,0.0,0.0,0.0,0.0,0.0,0.0,0.0,0.0,0.0,0.0,0.0,0.0,0.0,0.0,0.0,0.0,0.0
0.0,0.0,0.0,0.0,0.0,0.0,0.0,0.0,0.0,0.0,0.0,0.0,0.0,0.0,0.0,0.0,0.0,0.0,0.0,0.0,0.0,0.0,0.0,0.0,0.0,0.0,0.0,0.0,0.0,0.0,0.0,0.0,0.0,0.0,0.0,0.0,0.0,0.0,0.0,0.0,0.0,0.0,0.0,0.0,0.0,0.0,0.0,0.0,0.0,0.0,0.0,0.0,0.0,0.0,0.0,0.0,0.0,0.0,0.0,0.0,0.0,0.0,0.0
0.0,0.0,0.0,0.0,0.0,0.0,0.0,0.0,0.0,0.0,0.0,0.0,0.0,0.0,0.0,0.0,0.0,0.0,0.0,0.0,0.0,0.0,0.0,0.0,0.0,0.0,0.0,0.0,0.0,0.0,0.0,0.0,0.0,0.0,0.0,0.0,0.0,0.0,0.0,0.0,0.0,0.0,0.0,0.0,0.0,0.0,0.0,0.0,0.0,0.0,0.0,0.0,0.0,0.0,0.0,0.0,0.0,0.0,0.0,0.0,0.0,0.0,0.0
0.0,0.0,0.0,0.0,0.0,0.0,0.0,0.0,0.0,0.0,0.0,0.0,0.0,0.0,0.0,0.0,0.0,0.0,0.0,0.0,0.0,0.0,0.0,0.0,0.0,0.0,0.0,0.0,0.0,0.0,0.0,0.0,0.0,0.0,0.0,0.0,0.0,0.0,0.0,0.0,0.0,0.0,0.0,0.0,0.0,0.0,0.0,0.0,0.0,0.0,0.0,0.0,0.0,0.0,0.0,0.0,0.0,0.0,0.0,0.0,0.0,0.0,0.0
0.0,0.0,0.0,0.0,0.0,0.0,0.0,0.0,0.0,0.0,0.0,0.0,0.0,0.0,0.0,0.0,0.0,0.0,0.0,0.0,0.0,0.0,0.0,0.0,0.0,0.0,0.0,0.0,0.0,0.0,0.0,0.0,0.0,0.0,0.0,0.0,0.0,0.0,0.0,0.0,0.0,0.0,0.0,0.0,0.0,0.0,0.0,0.0,0.0,0.0,0.0,0.0,0.0,0.0,0.0,0.0,0.0,0.0,0.0,0.0,0.0,0.0,0.0
0.0,0.0,0.0,0.0,0.0,0.0,0.0,0.0,0.0,0.0,0.0,0.0,0.0,0.0,0.0,0.0,0.0,0.0,0.0,0.0,0.0,0.0,0.0,0.0,0.0,0.0,0.0,0.0,0.0,0.0,0.0,0.0,0.0,0.0,0.0,0.0,0.0,0.0,0.0,0.0,0.0,0.0,0.0,0.0,0.0,0.0,0.0,0.0,0.0,0.0,0.0,0.0,0.0,0.0,0.0,0.0,0.0,0.0,0.0,0.0,0.0,0.0,0.0
0.0,0.0,0.0,0.0,0.0,0.0,0.0,0.0,0.0,0.0,0.0,0.0,0.0,0.0,0.0,0.0,0.0,0.0,0.0,0.0,0.0,0.0,0.0,0.0,0.0,0.0,0.0,0.0,0.0,0.0,0.0,0.0,0.0,0.0,0.0,0.0,0.0,0.0,0.0,0.0,0.0,0.0,0.0,0.0,0.0,0.0,0.0,0.0,0.0,0.0,0.0,0.0,0.0,0.0,0.0,0.0,0.0,0.0,0.0,0.0,0.0,0.0,0.0
0.0,0.0,0.0,0.0,0.0,0.0,0.0,0.0,0.0,0.0,0.0,0.0,0.0,0.0,0.0,0.0,0.0,0.0,0.0,0.0,0.0,0.0,0.0,0.0,0.0,0.0,0.0,0.0,0.0,0.0,0.0,0.0,0.0,0.0,0.0,0.0,0.0,0.0,0.0,0.0,0.0,0.0,0.0,0.0,0.0,0.0,0.0,0.0,0.0,0.0,0.0,0.0,0.0,0.0,0.0,0.0,0.0,0.0,0.0,0.0,0.0,0.0,0.0
0.0,0.0,0.0,0.0,0.0,0.0,0.0,0.0,0.0,0.0,0.0,0.0,0.0,0.0,0.0,0.0,0.0,0.0,0.0,0.0,0.0,0.0,0.0,0.0,0.0,0.0,0.0,0.0,0.0,0.0,0.0,0.0,0.0,0.0,0.0,0.0,0.0,0.0,0.0,0.0,0.0,0.0,0.0,0.0,0.0,0.0,0.0,0.0,0.0,0.0,0.0,0.0,0.0,0.0,0.0,0.0,0.0,0.0,0.0,0.0,0.0,0.0,0.0
0.0,0.0,0.0,0.0,0.0,0.0,0.0,0.0,0.0,0.0,0.0,0.0,0.0,0.0,0.0,0.0,0.0,0.0,0.0,0.0,0.0,0.0,0.0,0.0,0.0,0.0,0.0,0.0,0.0,0.0,0.0,0.0,0.0,0.0,0.0,0.0,0.0,0.0,0.0,0.0,0.0,0.0,0.0,0.0,0.0,0.0,0.0,0.0,0.0,0.0,0.0,0.0,0.0,0.0,0.0,0.0,0.0,0.0,0.0,0.0,0.0,0.0,0.0
0.0,0.0,0.0,0.0,0.0,0.0,0.0,0.0,0.0,0.0,0.0,0.0,0.0,0.0,0.0,0.0,0.0,0.0,0.0,0.0,0.0,0.0,0.0,0.0,0.0,0.0,0.0,0.0,0.0,0.0,0.0,0.0,0.0,0.0,0.0,0.0,0.0,0.0,0.0,0.0,0.0,0.0,0.0,0.0,0.0,0.0,0.0,0.0,0.0,0.0,0.0,0.0,0.0,0.0,0.0,0.0,0.0,0.0,0.0,0.0,0.0,0.0,0.0
0.0,0.0,0.0,0.0,0.0,0.0,0.0,0.0,0.0,0.0,0.0,0.0,0.0,0.0,0.0,0.0,0.0,0.0,0.0,0.0,0.0,0.0,0.0,0.0,0.0,0.0,0.0,0.0,0.0,0.0,0.0,0.0,0.0,0.0,0.0,0.0,0.0,0.0,0.0,0.0,0.0,0.0,0.0,0.0,0.0,0.0,0.0,0.0,0.0,0.0,0.0,0.0,0.0,0.0,0.0,0.0,0.0,0.0,0.0,0.0,0.0,0.0,0.0
0.0,0.0,0.0,0.0,0.0,0.0,0.0,0.0,0.0,0.0,0.0,0.0,0.0,0.0,0.0,0.0,0.0,0.0,0.0,0.0,0.0,0.0,0.0,0.0,0.0,0.0,0.0,0.0,0.0,0.0,0.0,0.0,0.0,0.0,0.0,0.0,0.0,0.0,0.0,0.0,0.0,0.0,0.0,0.0,0.0,0.0,0.0,0.0,0.0,0.0,0.0,0.0,0.0,0.0,0.0,0.0,0.0,0.0,0.0,0.0,0.0,0.0,0.0
0.0,0.0,0.0,0.0,0.0,0.0,0.0,0.0,0.0,0.0,0.0,0.0,0.0,0.0,0.0,0.0,0.0,0.0,0.0,0.0,0.0,0.0,0.0,0.0,0.0,0.0,0.0,0.0,0.0,0.0,0.0,0.0,0.0,0.0,0.0,0.0,0.0,0.0,0.0,0.0,0.0,0.0,0.0,0.0,0.0,0.0,0.0,0.0,0.0,0.0,0.0,0.0,0.0,0.0,0.0,0.0,0.0,0.0,0.0,0.0,0.0,0.0,0.0
0.0,0.0,0.0,0.0,0.0,0.0,0.0,0.0,0.0,0.0,0.0,0.0,0.0,0.0,0.0,0.0,0.0,0.0,0.0,0.0,0.0,0.0,0.0,0.0,0.0,0.0,0.0,0.0,0.0,0.0,0.0,0.0,0.0,0.0,0.0,0.0,0.0,0.0,0.0,0.0,0.0,0.0,0.0,0.0,0.0,0.0,0.0,0.0,0.0,0.0,0.0,0.0,0.0,0.0,0.0,0.0,0.0,0.0,0.0,0.0,0.0,0.0,0.0
0.0,0.0,0.0,0.0,0.0,0.0,0.0,0.0,0.0,0.0,0.0,0.0,0.0,0.0,0.0,0.0,0.0,0.0,0.0,0.0,0.0,0.0,0.0,0.0,0.0,0.0,0.0,0.0,0.0,0.0,0.0,0.0,0.0,0.0,0.0,0.0,0.0,0.0,0.0,0.0,0.0,0.0,0.0,0.0,0.0,0.0,0.0,0.0,0.0,0.0,0.0,0.0,0.0,0.0,0.0,0.0,0.0,0.0,0.0,0.0,0.0,0.0,0.0
